213.43 227.836 0.849086 
213.412 302.028 0.828117 
153.632 306.767 0.782524 
84.1606 385.78 0.875198 
127.398 450.271 0.901204 
270.851 299.594 0.813868 
347.476 371.41 0.885154 
299.626 445.476 0.863238 
218.224 464.666 0.705732 
180.043 467.042 0.713897 
141.761 636.96 0.85169 
105.84 785.373 0.820689 
254.186 459.938 0.680333 
292.333 625.065 0.846487 
330.683 778.184 0.752944 
199.198 218.286 0.973062 
220.779 218.254 0.926186 
182.445 225.492 0.779492 
239.902 223.067 0.819415 
323.546 823.631 0.738223 
342.652 816.44 0.73267 
330.709 787.76 0.567783 
103.313 828.354 0.801416 
86.6413 816.497 0.788156 
108.192 794.861 0.718538 
