218.148 237.492 0.939167 
218.121 311.594 0.891007 
156.076 311.6 0.822826 
86.6565 390.512 0.936007 
141.635 450.418 0.931102 
275.703 311.515 0.833487 
349.804 383.396 0.849257 
306.796 455.2 0.818809 
220.584 474.253 0.702633 
182.389 474.253 0.697958 
160.75 639.337 0.864653 
158.427 778.262 0.810771 
256.58 471.891 0.708037 
313.848 632.243 0.850458 
373.73 778.173 0.77429 
201.58 225.395 0.893655 
227.852 223.122 0.835477 
187.123 237.351 0.816556 
244.562 237.354 0.774487 
371.473 828.343 0.734769 
390.512 816.503 0.709937 
376.161 787.728 0.570835 
146.552 826.024 0.802781 
136.896 816.474 0.78271 
163.135 790.178 0.772146 
