220.541 242.188 0.91651 
220.627 316.44 0.929042 
160.886 318.832 0.833705 
91.4433 400.155 0.8057 
144.008 459.955 0.881792 
278.187 314.01 0.866701 
354.536 383.402 0.866737 
311.525 459.932 0.835029 
223.062 483.837 0.713436 
187.115 483.873 0.700151 
163.226 639.427 0.877065 
165.66 780.555 0.815629 
259.043 481.492 0.717857 
318.713 636.977 0.859365 
388.095 775.844 0.755432 
203.982 234.939 0.873171 
234.919 234.911 0.867848 
189.531 239.857 0.804909 
251.728 239.758 0.824843 
390.446 825.985 0.715496 
404.919 816.433 0.712405 
390.514 782.973 0.547107 
160.843 826.051 0.810514 
144.185 816.511 0.783443 
177.614 790.18 0.767018 
