230.243 256.418 0.878911 
235.043 318.744 0.896431 
179.865 328.332 0.812015 
105.854 412.034 0.923849 
160.758 469.502 0.92939 
292.405 313.952 0.866146 
359.436 378.635 0.812398 
323.558 462.289 0.817364 
239.705 486.24 0.74362 
201.536 488.572 0.738443 
182.422 641.768 0.876829 
206.346 775.9 0.830052 
275.68 483.879 0.722338 
347.406 641.78 0.857619 
426.346 775.858 0.776732 
218.268 239.862 0.952128 
239.846 239.784 0.938737 
201.427 251.75 0.844103 
258.965 246.933 0.802962 
428.759 825.981 0.754269 
443.21 814.113 0.731058 
428.878 782.943 0.607004 
201.523 826.044 0.806351 
187.137 816.522 0.758385 
220.566 783.008 0.795589 
