223.126 249.354 0.851397 
230.181 316.392 0.876847 
175.197 325.942 0.784508 
103.413 409.641 0.938541 
146.454 466.981 0.917362 
285.211 311.59 0.819118 
354.563 376.264 0.88222 
316.3 457.536 0.87296 
235.036 486.161 0.721075 
199.047 486.188 0.732259 
179.833 641.743 0.842316 
196.67 778.238 0.82585 
273.258 483.833 0.696276 
335.401 639.367 0.915714 
409.68 775.779 0.81449 
215.816 237.428 0.928479 
237.494 237.397 0.953102 
199.021 246.997 0.804519 
256.54 242.229 0.824029 
412.147 826.04 0.727196 
428.863 814.157 0.737328 
412.126 780.581 0.593396 
184.8 826.075 0.805868 
175.209 816.531 0.776504 
201.58 790.084 0.809876 
