223.068 249.311 0.85735 
227.812 316.368 0.882478 
175.214 323.543 0.788186 
103.278 409.611 0.918024 
144.211 467.005 0.921705 
282.849 311.611 0.828404 
354.588 376.277 0.880027 
313.993 462.261 0.865549 
234.949 486.249 0.725603 
196.727 486.286 0.723994 
177.539 641.742 0.832114 
191.9 778.139 0.82037 
270.923 486.195 0.697207 
333.131 639.305 0.908264 
409.607 775.878 0.799461 
213.497 237.41 0.915646 
237.43 237.378 0.953182 
196.758 246.966 0.803074 
256.493 242.172 0.821336 
409.721 828.357 0.764214 
426.455 816.462 0.742991 
412.055 782.976 0.59073 
182.39 825.995 0.794431 
168.042 816.471 0.765108 
201.46 785.39 0.785569 
