225.444 249.394 0.848285 
232.589 316.349 0.892152 
177.574 323.56 0.794094 
103.429 409.64 0.932461 
146.546 467.01 0.902284 
285.278 311.522 0.805918 
354.629 376.219 0.886695 
316.384 455.193 0.867148 
237.266 483.887 0.734362 
199.076 486.164 0.738348 
180.012 641.753 0.873089 
199.088 778.151 0.868815 
273.301 483.841 0.710984 
335.49 639.391 0.917301 
412.055 775.8 0.782061 
215.889 237.438 0.940254 
239.721 237.424 0.958118 
199.084 246.93 0.828671 
256.579 242.264 0.804366 
414.433 821.262 0.71831 
431.176 814.072 0.740858 
414.551 780.602 0.573353 
189.527 826.016 0.799445 
179.852 816.464 0.819793 
206.255 787.718 0.787588 
