234.991 259.008 0.9283 
235.004 330.677 0.88145 
177.537 333.031 0.83627 
108.191 412.204 0.882244 
163.249 471.986 0.894606 
292.418 323.579 0.805634 
371.448 390.646 0.916855 
330.639 467.217 0.876016 
249.332 491.002 0.688482 
213.443 493.396 0.683814 
189.553 646.596 0.78473 
220.549 775.906 0.885859 
282.902 488.59 0.689773 
354.748 641.813 0.881105 
433.602 775.76 0.797709 
220.599 251.711 0.912755 
244.532 251.686 0.848098 
201.599 256.567 0.887648 
261.33 256.546 0.828984 
431.333 821.216 0.672576 
450.31 814.027 0.670205 
443.184 780.537 0.605986 
213.447 825.994 0.789087 
199.153 816.475 0.820473 
230.246 785.32 0.77435 
