225.461 268.503 0.846861 
223.042 333.06 0.9071 
165.674 333.012 0.838552 
108.236 412.051 0.894928 
160.911 474.246 0.889902 
280.518 333.091 0.844662 
368.981 395.381 0.845114 
328.326 469.643 0.851819 
244.533 500.629 0.704102 
206.319 505.309 0.700395 
189.575 651.391 0.78233 
220.767 778.23 0.856536 
280.476 495.809 0.704014 
354.708 641.819 0.88584 
436.036 775.846 0.76317 
218.113 256.53 0.939485 
239.751 256.55 0.95654 
199.057 259.007 0.83819 
256.625 259.003 0.823774 
438.426 821.255 0.624924 
452.753 814.057 0.644672 
445.575 782.99 0.566801 
218.251 826.036 0.796656 
201.608 816.524 0.797133 
237.323 787.725 0.776795 
