225.47 268.522 0.847789 
223.088 333.117 0.907274 
165.646 335.428 0.854565 
105.841 414.47 0.890859 
160.811 474.349 0.870772 
285.207 332.988 0.826517 
366.617 395.378 0.831728 
328.328 471.878 0.851837 
239.918 495.836 0.710072 
203.934 500.597 0.692599 
187.181 653.787 0.782832 
220.752 778.253 0.857049 
278.079 491.045 0.735802 
354.693 641.867 0.883363 
438.381 775.789 0.792667 
218.127 256.556 0.942706 
239.747 256.571 0.954591 
199.078 259.051 0.829073 
256.612 259.017 0.813505 
440.751 821.291 0.645782 
452.75 814.076 0.663955 
447.877 780.562 0.63017 
218.239 826 0.797904 
201.596 816.499 0.80581 
237.289 787.734 0.786984 
