223.128 270.843 0.857504 
223.13 335.398 0.903649 
165.696 342.649 0.797966 
105.705 424.065 0.878242 
160.763 481.465 0.85638 
285.249 325.961 0.794495 
357.134 393.068 0.856736 
323.553 471.904 0.831781 
239.768 495.833 0.72149 
201.574 498.246 0.712333 
184.755 646.612 0.809546 
220.657 778.181 0.876247 
275.778 491.065 0.729523 
354.597 641.898 0.87971 
436.004 775.707 0.795121 
215.829 256.581 0.936522 
237.499 256.559 0.952279 
198.992 259.058 0.804554 
256.525 258.947 0.794004 
436.027 818.907 0.653903 
450.473 811.75 0.668685 
445.608 778.154 0.621572 
218.176 826.034 0.787251 
201.534 816.537 0.803429 
235.016 785.377 0.76812 
