220.771 261.345 0.908559 
230.164 323.498 0.822115 
177.596 333.196 0.839765 
103.408 419.207 0.859363 
153.602 469.559 0.856603 
280.511 313.937 0.873007 
352.266 383.396 0.866757 
316.257 467.073 0.917403 
235.04 486.269 0.730737 
199.112 486.305 0.751854 
177.566 644.193 0.812737 
203.951 778.263 0.824583 
270.914 486.234 0.699047 
337.897 641.726 0.877161 
426.354 775.805 0.791638 
213.437 254.176 0.888547 
237.312 254.102 0.908225 
196.625 258.827 0.839798 
254.116 256.479 0.775694 
426.426 826.067 0.715323 
440.772 816.473 0.675645 
431.15 778.256 0.602757 
201.467 826.057 0.807246 
184.816 816.534 0.783486 
218.29 787.741 0.765867 
