223.076 268.46 0.857649 
227.831 333.055 0.870967 
175.159 340.34 0.783356 
103.407 426.441 0.893222 
160.705 476.686 0.847258 
282.848 316.443 0.850878 
354.595 390.58 0.921488 
318.836 469.576 0.874171 
237.454 491.073 0.728544 
201.481 493.421 0.720042 
182.322 641.884 0.859625 
218.323 778.207 0.876212 
275.622 488.728 0.720755 
349.893 641.864 0.859289 
433.586 775.737 0.829857 
215.764 256.509 0.92161 
237.434 256.514 0.955692 
196.649 258.987 0.820467 
256.425 258.904 0.77427 
431.326 823.663 0.733718 
450.27 814.123 0.71843 
445.502 778.173 0.66512 
211.095 826.024 0.790466 
199.114 816.5 0.828246 
230.175 785.366 0.782889 
