227.837 239.771 0.917506 
220.782 306.782 0.867504 
163.3 302.059 0.841219 
105.727 385.685 0.880138 
144.21 450.309 0.92619 
285.207 309.155 0.797572 
354.765 376.157 0.884657 
313.873 450.331 0.923569 
230.252 471.905 0.698313 
196.626 474.265 0.704901 
165.612 632.216 0.811331 
158.342 780.595 0.783832 
266.082 469.516 0.697802 
316.401 629.807 0.856084 
373.717 780.583 0.739134 
218.165 230.178 0.889707 
239.803 227.809 0.883943 
199.084 237.42 0.821959 
258.829 237.329 0.775688 
371.411 823.649 0.715435 
390.443 816.469 0.717377 
373.82 790.158 0.568641 
146.493 826.074 0.78914 
134.483 816.511 0.748789 
160.835 792.529 0.710234 
