227.856 237.504 0.91325 
220.751 304.35 0.880435 
163.286 299.692 0.854897 
105.734 380.975 0.879368 
144.17 448.076 0.933823 
282.851 306.75 0.79402 
354.732 373.889 0.897941 
311.593 450.302 0.908504 
232.548 469.435 0.69201 
196.639 469.504 0.702264 
163.345 629.835 0.81719 
151.227 782.928 0.762858 
266.102 467.083 0.679476 
316.291 629.812 0.865834 
371.333 778.249 0.753522 
218.17 225.46 0.893175 
239.763 223.114 0.908347 
199.074 237.309 0.809119 
256.581 234.911 0.712172 
369.035 821.211 0.697697 
385.746 814.135 0.710007 
371.355 790.134 0.57999 
141.768 828.4 0.78553 
127.287 816.542 0.746902 
158.47 792.568 0.690836 
