256.627 220.617 0.987693 
242.2 292.364 0.869538 
191.922 301.996 0.785519 
124.941 390.476 0.931129 
168.008 440.827 0.829985 
297.339 275.614 0.890204 
371.42 340.331 0.869506 
335.497 428.743 0.904945 
256.615 450.303 0.721356 
220.715 452.719 0.718495 
196.678 625.086 0.808151 
160.764 785.371 0.813789 
294.693 445.589 0.681744 
299.601 622.698 0.859839 
313.852 775.848 0.800051 
239.918 211.076 0.894666 
263.734 208.638 0.84826 
218.348 220.55 0.913297 
278.093 215.886 0.154903 
304.402 821.228 0.75777 
321.179 814.141 0.759943 
309.204 785.373 0.61458 
122.482 830.804 0.675016 
115.322 816.526 0.601473 
167.978 797.323 0.689276 
