242.212 223.058 0.891535 
242.169 292.433 0.879393 
194.278 299.602 0.810319 
122.549 390.468 0.935856 
163.201 443.161 0.874242 
297.215 278.021 0.90302 
368.947 347.44 0.844371 
330.729 428.82 0.888735 
254.06 450.431 0.685699 
218.194 452.809 0.698441 
179.937 622.76 0.852361 
124.88 775.787 0.823111 
282.919 448.005 0.675831 
306.757 622.698 0.832707 
323.506 775.828 0.778397 
232.576 218.111 0.895439 
256.49 215.797 0.913399 
211.069 223.052 0.809262 
270.916 218.339 0.695465 
316.428 821.245 0.777703 
335.516 814.155 0.774804 
321.138 782.958 0.631538 
101.04 821.261 0.654292 
89.0493 814.003 0.614992 
127.331 790.125 0.666065 
