256.626 220.617 0.987373 
242.201 292.366 0.869489 
191.928 301.997 0.785641 
124.931 390.472 0.931033 
168.016 443.115 0.830527 
297.336 275.614 0.890396 
371.422 340.328 0.869854 
335.495 428.742 0.904987 
256.612 450.311 0.720897 
220.712 452.728 0.717988 
196.661 625.105 0.800409 
160.76 785.387 0.815374 
294.69 445.598 0.681171 
299.603 622.698 0.85949 
313.853 775.847 0.803905 
239.917 211.076 0.894744 
263.734 206.351 0.848614 
218.35 220.553 0.913686 
278.094 215.882 0.156741 
304.408 821.219 0.756421 
321.178 814.135 0.760764 
309.207 785.363 0.618335 
122.472 830.813 0.676616 
115.309 816.536 0.601571 
167.975 797.334 0.692562 
