268.463 218.311 0.909477 
242.211 287.633 0.845607 
191.928 297.294 0.808525 
124.964 390.403 0.919576 
168.012 436.042 0.832769 
297.278 273.335 0.884541 
371.323 340.268 0.876755 
335.503 426.454 0.887483 
256.43 448.026 0.700816 
218.311 450.437 0.718221 
220.71 620.281 0.852995 
211.092 794.946 0.75951 
292.375 445.585 0.661258 
294.716 620.326 0.888789 
292.384 787.742 0.737819 
254.183 208.691 0.889132 
275.669 203.99 0.907358 
223.074 218.306 0.851429 
0 0 0 
282.827 821.223 0.753984 
299.621 816.428 0.753507 
287.623 794.838 0.566877 
172.797 840.444 0.631205 
165.614 833.13 0.668834 
220.671 809.275 0.714733 
