270.872 223.034 0.878666 
237.41 292.475 0.918348 
180.019 299.684 0.845701 
110.627 390.392 0.849417 
160.821 445.499 0.892799 
294.8 278.087 0.903252 
364.169 347.487 0.812202 
325.957 428.868 0.868738 
251.707 455.118 0.667875 
218.258 464.651 0.688023 
266.153 622.649 0.796987 
313.856 785.388 0.769113 
278.182 448.012 0.691911 
275.719 622.68 0.843814 
266.097 773.428 0.740508 
256.505 218.132 0.953683 
275.627 215.801 0.899487 
225.397 222.994 0.829234 
0 0 0 
261.325 818.863 0.692733 
278.131 816.45 0.732379 
258.968 778.185 0.656051 
316.365 830.866 0.652638 
299.655 830.725 0.611983 
318.794 794.915 0.651278 
