270.888 220.743 0.89339 
239.73 292.433 0.916487 
182.418 299.685 0.838588 
122.423 388.162 0.896129 
160.888 438.422 0.894909 
294.912 278.025 0.912331 
364.223 345.096 0.807128 
330.704 428.791 0.880214 
249.395 459.892 0.670481 
218.145 464.738 0.696798 
256.543 620.253 0.859969 
278.184 775.89 0.719168 
280.455 450.431 0.677696 
280.422 622.623 0.800152 
268.538 775.755 0.725841 
256.499 215.857 0.940238 
275.666 213.452 0.895347 
225.441 220.775 0.830222 
0 0 0 
259.017 828.41 0.600193 
275.753 826.011 0.608327 
258.982 787.718 0.467558 
278.107 828.453 0.447562 
266.139 823.607 0.43405 
294.807 792.47 0.524161 
