268.506 220.593 0.907777 
239.862 290.018 0.88212 
187.122 297.342 0.809612 
124.846 388.138 0.915174 
163.305 438.378 0.881074 
297.182 275.676 0.90504 
368.933 342.655 0.83291 
333.019 428.757 0.891489 
254.143 450.365 0.693824 
218.29 452.797 0.707351 
239.816 622.584 0.840031 
239.887 799.706 0.73784 
285.292 447.932 0.647932 
280.442 620.324 0.804385 
278.029 785.373 0.750874 
256.446 213.404 0.91194 
275.666 208.694 0.894028 
223.11 220.54 0.846364 
0 0 0 
275.628 828.428 0.808619 
292.451 818.92 0.732999 
275.765 792.528 0.595181 
220.647 838.022 0.640278 
215.811 833.174 0.666432 
256.428 814.02 0.569723 
