273.221 232.577 0.868517 
234.99 294.888 0.9138 
177.565 304.39 0.80057 
108.244 392.824 0.882748 
163.146 447.97 0.927267 
292.448 282.918 0.824634 
366.649 342.729 0.830169 
333.014 416.906 0.863361 
254.105 459.922 0.687389 
220.544 467.109 0.725932 
278.066 622.599 0.842113 
325.945 785.378 0.761598 
282.822 450.335 0.677897 
275.544 627.429 0.741852 
256.648 773.48 0.850716 
256.621 220.578 0.981594 
275.694 218.336 0.90769 
223.117 225.449 0.788315 
0 0 0 
254.085 823.612 0.708753 
266.141 816.536 0.705476 
254.122 778.195 0.629146 
328.35 833.205 0.814509 
313.966 830.732 0.777604 
335.584 792.488 0.66287 
