270.874 227.816 0.856183 
235.021 294.774 0.910907 
179.849 301.994 0.82032 
108.257 390.542 0.885806 
160.824 447.824 0.905575 
292.406 280.448 0.85418 
364.178 345.099 0.812473 
330.665 426.388 0.856422 
251.74 452.73 0.681674 
218.306 462.306 0.695254 
275.673 620.198 0.838719 
323.513 785.385 0.741374 
278.194 445.596 0.695636 
275.571 622.622 0.792312 
258.881 773.423 0.836626 
256.534 218.313 0.985453 
275.616 218.21 0.918094 
223.067 223.1 0.810601 
0 0 0 
256.423 821.289 0.749386 
270.918 816.505 0.734569 
256.422 778.168 0.655267 
330.703 830.88 0.784445 
314.056 830.712 0.746062 
335.455 792.552 0.621744 
