261.402 220.77 0.913558 
237.36 294.693 0.925969 
179.882 299.618 0.855378 
136.929 392.97 0.806943 
160.751 376.146 0.812285 
294.857 278.172 0.899341 
371.457 335.618 0.916422 
321.127 390.624 0.877992 
256.522 450.287 0.77574 
220.777 452.802 0.720244 
273.23 620.246 0.816168 
316.492 782.947 0.799981 
285.296 443.21 0.693939 
273.252 622.671 0.781066 
256.559 773.396 0.874088 
254.042 215.869 0.896491 
273.257 215.79 0.878278 
220.699 220.731 0.874266 
0 0 0 
246.952 823.612 0.733314 
261.399 816.537 0.744573 
254.093 775.801 0.672009 
325.957 833.133 0.792817 
313.87 828.422 0.760803 
333.078 790.148 0.696621 
