270.9 230.223 0.855855 
235.014 294.829 0.915507 
179.84 302.02 0.812558 
108.257 390.619 0.883546 
160.846 447.917 0.931051 
292.453 282.82 0.839512 
364.234 345.071 0.81453 
330.701 424.026 0.847073 
254.055 452.797 0.685197 
218.341 464.657 0.698427 
277.984 620.293 0.850749 
328.301 787.722 0.757861 
280.502 447.916 0.688407 
273.288 622.745 0.754858 
258.86 773.38 0.851371 
256.566 220.537 0.983243 
275.636 218.288 0.91398 
223.058 223.097 0.79778 
0 0 0 
254.164 823.665 0.746485 
268.541 816.548 0.72066 
254.173 775.864 0.673911 
332.993 830.883 0.786555 
316.302 828.455 0.752053 
335.583 792.563 0.637052 
