256.496 201.632 0.938674 
256.483 275.596 0.925691 
201.526 273.301 0.877138 
160.798 201.554 0.900425 
187.204 124.99 0.867402 
311.478 275.636 0.846335 
369.038 342.717 0.848137 
297.307 385.768 0.846649 
246.961 428.827 0.705227 
218.128 428.83 0.719177 
227.857 601.098 0.801063 
218.285 766.214 0.694468 
278.105 428.816 0.745321 
261.343 603.524 0.783281 
258.835 785.352 0.716584 
239.829 196.716 0.92905 
266.067 196.612 0.838419 
223.079 203.925 0.846308 
280.481 201.469 0.815956 
256.531 825.994 0.707227 
275.64 816.526 0.769821 
251.756 794.885 0.521435 
218.269 814.132 0.670403 
201.536 809.316 0.624828 
220.591 773.449 0.448754 
