256.439 218.137 0.926854 
256.491 282.879 0.905825 
201.5 280.487 0.86396 
148.913 239.915 0.834845 
184.731 170.42 0.850299 
309.173 282.874 0.811194 
369.007 354.71 0.890593 
297.195 395.417 0.85698 
249.372 440.793 0.687177 
218.203 443.168 0.713283 
232.573 603.53 0.811662 
218.203 768.6 0.743927 
278.186 440.746 0.711888 
261.401 613.079 0.744469 
256.529 785.332 0.714738 
239.813 203.906 0.924767 
263.698 201.556 0.884008 
225.437 218.221 0.830419 
278.197 213.448 0.796521 
254.173 828.354 0.694889 
275.603 818.85 0.742923 
249.353 792.604 0.511978 
218.19 816.442 0.687651 
199.183 811.63 0.635734 
218.297 775.742 0.526244 
