258.904 218.136 0.934782 
258.884 275.784 0.92803 
206.265 273.203 0.827384 
206.288 156.05 0.762226 
201.435 67.416 0.89552 
311.592 280.477 0.829979 
366.576 352.126 0.864508 
297.183 390.641 0.906225 
239.896 445.518 0.719886 
208.681 445.518 0.660232 
223.07 620.284 0.855234 
232.637 773.316 0.806733 
275.718 443.169 0.721517 
261.305 622.547 0.846563 
259.058 775.82 0.802261 
244.585 201.644 0.883576 
273.299 201.529 0.90134 
230.217 215.889 0.728713 
294.781 208.722 0.813327 
256.51 818.874 0.81026 
275.648 814.106 0.840082 
261.281 787.708 0.586779 
223.048 816.559 0.792828 
208.7 814.023 0.768893 
237.45 778.135 0.604607 
