258.92 220.665 0.962955 
258.896 280.528 0.895649 
208.672 278.047 0.840332 
213.479 163.243 0.825103 
201.517 72.3295 0.8207 
311.565 289.97 0.793968 
359.478 354.65 0.877073 
294.785 395.352 0.842132 
242.18 450.438 0.725124 
211.099 450.432 0.684459 
223.018 624.989 0.833945 
232.572 773.434 0.8115 
277.976 450.401 0.740022 
261.293 625.029 0.832451 
259.058 775.743 0.811933 
244.634 213.423 0.841799 
275.552 211.028 0.868967 
232.579 220.597 0.741159 
294.799 218.322 0.864471 
256.536 818.852 0.855307 
275.662 814.093 0.875777 
259.035 782.941 0.623343 
223.057 816.559 0.805431 
208.686 814.028 0.787461 
237.436 780.543 0.620433 
