263.748 203.956 0.870064 
261.282 273.208 0.882048 
215.794 266.155 0.802931 
177.597 203.948 0.84696 
201.392 124.908 0.900953 
313.979 273.259 0.858406 
371.42 352.197 0.912007 
306.757 402.485 0.811607 
256.437 447.899 0.747219 
218.357 447.922 0.760956 
237.344 620.121 0.867658 
239.767 773.295 0.833919 
290.021 445.604 0.688624 
275.73 620.168 0.878003 
277.975 770.993 0.768002 
256.413 196.722 0.902787 
278.074 196.751 0.921811 
237.449 203.887 0.809281 
297.194 201.632 0.833629 
266.081 816.498 0.77226 
285.24 814.063 0.759238 
275.729 775.788 0.584643 
237.438 816.549 0.826812 
220.655 814.03 0.818809 
246.989 775.876 0.590094 
