273.28 256.416 0.899424 
270.927 340.315 0.837759 
218.302 335.507 0.850684 
177.578 414.561 0.843879 
201.557 337.89 0.837129 
323.514 349.822 0.79951 
380.94 426.46 0.854594 
313.947 455.163 0.827931 
254.172 495.785 0.753475 
220.552 488.731 0.782655 
237.356 639.281 0.874029 
244.57 775.74 0.818452 
285.224 500.626 0.718311 
275.583 641.696 0.847706 
278.027 773.479 0.819728 
258.941 239.909 0.934214 
285.255 242.174 0.854718 
242.195 258.915 0.787558 
302.032 259.004 0.78219 
273.291 816.522 0.804138 
292.378 814.038 0.812685 
278.028 780.548 0.61227 
239.867 816.565 0.816109 
225.414 814.042 0.791041 
254.156 782.96 0.628606 
