273.279 256.425 0.901787 
270.93 340.315 0.838063 
218.307 335.507 0.851184 
177.577 414.559 0.844371 
201.56 337.89 0.837472 
323.514 349.823 0.800013 
380.942 426.458 0.854035 
313.973 455.146 0.833132 
254.169 495.789 0.752416 
220.551 488.734 0.781117 
237.356 639.282 0.874101 
244.571 775.736 0.818509 
285.22 500.63 0.717791 
275.584 641.697 0.847869 
278.028 773.476 0.819295 
258.942 239.915 0.933722 
285.254 242.18 0.854257 
242.198 258.914 0.784301 
302.041 259.003 0.781239 
273.289 816.527 0.801895 
292.38 814.043 0.811857 
278.029 780.543 0.611377 
239.87 816.563 0.816785 
225.417 814.041 0.792025 
254.156 782.954 0.626743 
