273.279 256.425 0.901785 
270.93 340.315 0.838057 
218.307 335.507 0.851174 
177.577 414.559 0.84435 
201.56 337.89 0.837474 
323.514 349.823 0.800017 
380.942 426.458 0.854011 
313.973 455.146 0.833057 
254.169 495.789 0.752375 
220.551 488.734 0.781116 
237.356 639.283 0.874159 
244.572 775.737 0.818024 
285.219 500.63 0.717793 
275.585 641.695 0.848164 
278.029 773.481 0.818956 
258.942 239.915 0.933722 
285.254 242.18 0.85426 
242.198 258.914 0.784289 
302.041 259.003 0.781239 
273.288 816.529 0.8027 
292.38 814.045 0.813009 
278.03 780.55 0.610833 
239.865 816.562 0.81755 
225.415 814.039 0.792133 
254.159 782.956 0.626751 
