277.965 280.453 0.941559 
275.732 366.614 0.89328 
227.81 357.076 0.807513 
182.436 457.506 0.848946 
199.111 378.533 0.865258 
328.269 371.353 0.815688 
385.708 447.906 0.896934 
318.713 476.634 0.832933 
256.611 507.871 0.811587 
220.707 505.475 0.794356 
239.729 639.383 0.87864 
256.484 775.726 0.872946 
294.684 512.597 0.758473 
275.762 641.85 0.87834 
287.616 775.742 0.788342 
263.745 273.288 0.871773 
292.382 273.274 0.877456 
254.091 282.868 0.672307 
311.538 282.847 0.772561 
277.991 816.508 0.845905 
294.895 814.063 0.86122 
287.682 782.951 0.614855 
246.998 816.461 0.808523 
235.013 811.759 0.823462 
261.284 780.613 0.64639 
