277.961 287.612 0.900316 
275.586 371.34 0.906699 
223.046 361.802 0.795333 
180.032 448.046 0.909271 
201.468 371.353 0.7871 
323.552 373.828 0.805062 
380.983 450.478 0.860446 
316.268 481.415 0.834797 
256.624 510.156 0.81346 
220.712 505.467 0.792152 
239.765 639.402 0.877838 
256.397 775.714 0.85264 
294.69 514.965 0.762192 
275.776 641.764 0.883387 
285.272 775.783 0.814421 
261.416 275.754 0.906924 
292.358 275.712 0.905546 
251.745 292.385 0.725767 
309.208 289.997 0.768341 
275.741 816.51 0.844595 
294.864 814.078 0.860076 
287.63 785.32 0.636708 
246.958 816.444 0.803583 
234.975 811.769 0.816778 
258.959 780.605 0.641775 
