275.65 292.363 0.902197 
273.316 371.376 0.891343 
220.737 359.425 0.809062 
179.919 436.055 0.84452 
206.305 359.462 0.750909 
321.143 376.259 0.782235 
378.586 457.551 0.819538 
316.293 483.801 0.853007 
258.825 510.197 0.805817 
220.749 505.462 0.794235 
239.75 641.699 0.878223 
251.766 775.703 0.833942 
294.688 517.371 0.759373 
277.971 641.835 0.872875 
280.53 775.761 0.807133 
259.066 278.084 0.927903 
287.685 278.023 0.884177 
247.019 294.723 0.687142 
306.761 292.413 0.776828 
275.646 818.82 0.877157 
294.773 814.098 0.886992 
280.541 780.605 0.656193 
242.153 816.558 0.802503 
227.861 814.034 0.779253 
258.844 780.536 0.684865 
