275.734 220.665 0.938117 
273.317 297.202 0.911458 
218.186 297.207 0.882119 
199.071 407.267 0.890766 
184.803 495.834 0.84361 
330.631 297.173 0.830466 
364.244 392.925 0.847125 
402.486 474.25 0.826633 
275.77 455.163 0.725683 
239.829 459.896 0.713675 
258.837 620.262 0.859189 
263.782 759.093 0.764358 
313.859 450.433 0.71655 
299.629 622.688 0.835463 
304.361 775.712 0.772986 
261.352 208.643 0.863145 
292.364 208.674 0.847758 
244.568 218.177 0.795454 
309.131 218.334 0.788159 
299.652 814.119 0.816274 
318.766 811.653 0.8005 
299.587 780.58 0.574587 
268.521 811.753 0.747425 
254.093 806.883 0.675616 
273.222 770.921 0.59437 
