277.984 220.601 0.954294 
275.681 299.679 0.89829 
220.55 304.371 0.838986 
201.455 414.424 0.874335 
196.723 505.391 0.898847 
330.741 297.321 0.841759 
361.79 392.926 0.860827 
393.052 471.933 0.884912 
278.212 462.313 0.714166 
246.995 464.737 0.692562 
266.123 622.549 0.825992 
275.788 763.801 0.784636 
314.058 457.52 0.730196 
304.426 620.296 0.782538 
306.829 773.374 0.727762 
261.419 206.327 0.855133 
292.405 206.308 0.860151 
247.015 218.237 0.726046 
309.117 218.268 0.738227 
306.768 814.07 0.727793 
325.913 809.292 0.738473 
304.421 778.237 0.456377 
278.032 814.177 0.743192 
261.323 811.734 0.679191 
278.051 773.35 0.549826 
