278.163 256.56 0.937817 
275.784 333.187 0.946744 
218.317 335.613 0.869754 
199.001 447.883 0.924873 
144.046 517.306 0.852942 
335.527 330.705 0.843713 
354.659 419.218 0.817612 
371.305 488.58 0.919227 
263.768 488.646 0.735345 
234.976 488.611 0.731316 
239.688 641.712 0.885836 
261.277 775.768 0.843927 
297.255 488.734 0.761366 
275.561 627.419 0.848574 
294.83 754.195 0.844585 
268.527 242.198 0.866767 
294.744 242.159 0.913394 
251.79 256.428 0.813688 
311.548 254.152 0.764794 
290.065 809.236 0.764779 
304.368 797.364 0.711085 
297.134 756.685 0.636212 
256.557 816.438 0.812539 
239.861 811.759 0.821529 
275.567 785.336 0.688947 
