275.564 218.178 0.916699 
273.313 294.735 0.897288 
218.307 294.9 0.870286 
201.633 395.41 0.85527 
199.194 488.702 0.945373 
323.561 290.054 0.778051 
368.919 390.447 0.838957 
409.548 469.47 0.920437 
278.194 447.987 0.740908 
249.323 450.379 0.709892 
270.866 622.746 0.825147 
278.043 773.462 0.806811 
314.001 445.581 0.747884 
311.524 620.203 0.85476 
325.889 747.039 0.756642 
259.01 201.614 0.924415 
285.229 201.581 0.865437 
244.6 215.867 0.764407 
301.967 215.849 0.780693 
314.047 799.771 0.764172 
333.057 794.966 0.723922 
328.308 754.209 0.603653 
280.505 814.065 0.75547 
263.73 811.668 0.761531 
285.28 780.546 0.604071 
