278.039 203.968 0.908221 
277.982 282.881 0.898869 
220.678 294.775 0.866262 
203.976 402.505 0.829501 
199.104 495.812 0.868317 
333.09 275.749 0.895817 
349.816 371.387 0.838472 
361.8 457.536 0.808009 
278.163 447.97 0.739741 
242.272 450.431 0.709662 
254.05 620.192 0.84008 
235.027 775.726 0.813732 
316.276 445.512 0.736761 
313.978 622.57 0.900967 
354.714 759.05 0.816947 
263.76 196.727 0.869744 
294.697 198.982 0.894653 
244.635 203.91 0.791184 
311.595 203.918 0.776416 
371.319 809.322 0.785964 
385.705 797.345 0.7319 
354.616 770.944 0.642079 
232.635 823.615 0.771368 
218.219 814.143 0.754344 
237.405 780.619 0.679667 
