278.046 218.221 0.947899 
278.024 297.202 0.939327 
223.072 309.183 0.821274 
213.476 409.728 0.881721 
199.142 510.243 0.891478 
330.744 287.616 0.81376 
342.645 385.785 0.766029 
352.221 471.967 0.876597 
278.196 464.667 0.710164 
244.544 467.054 0.703765 
242.264 622.719 0.822609 
227.824 775.791 0.753917 
316.279 462.288 0.732627 
316.246 634.636 0.886997 
371.281 768.635 0.776462 
263.768 203.849 0.885468 
294.682 203.882 0.900243 
244.615 218.21 0.806818 
311.555 218.219 0.759524 
376.236 814.132 0.802676 
392.924 806.906 0.777959 
369.023 775.721 0.605099 
234.967 818.918 0.747837 
218.194 814.107 0.745277 
227.852 782.941 0.599577 
