299.697 201.509 0.921362 
311.558 277.974 0.919809 
258.855 282.831 0.809792 
160.824 325.907 0.758913 
81.8077 361.86 0.797613 
359.455 273.229 0.809648 
440.792 335.599 0.84967 
388.119 412.094 0.878178 
299.622 438.386 0.693301 
268.511 436.008 0.650255 
256.495 608.256 0.819596 
225.413 761.452 0.737425 
335.474 438.428 0.71755 
369.005 622.652 0.85016 
409.788 766.23 0.79668 
292.353 196.619 0.867335 
316.263 194.284 0.889391 
275.683 206.339 0.825717 
335.423 203.914 0.814351 
409.571 811.657 0.821821 
424.062 806.843 0.731326 
412.122 773.34 0.633209 
230.235 814.077 0.770058 
215.872 809.323 0.721626 
223.066 770.942 0.528256 
