297.267 215.837 0.919194 
304.417 292.409 0.850743 
256.403 297.321 0.826927 
167.989 371.256 0.837299 
103.379 428.928 0.914068 
354.752 278.101 0.891374 
428.715 354.613 0.900114 
373.764 431.29 0.879659 
294.874 450.393 0.731617 
259.037 450.347 0.693387 
254.117 613.046 0.78978 
225.411 770.982 0.76283 
330.672 452.758 0.687969 
354.767 629.835 0.821911 
404.936 768.585 0.796956 
285.291 203.849 0.879107 
313.827 201.508 0.93471 
273.315 220.538 0.837394 
330.696 215.875 0.778798 
390.585 818.845 0.829741 
409.583 814.11 0.798247 
409.762 773.391 0.74977 
237.311 818.895 0.753871 
220.616 814.108 0.729728 
220.739 775.769 0.637357 
