294.868 223.087 0.931331 
299.577 306.775 0.857457 
251.779 316.442 0.793091 
182.297 407.242 0.871756 
127.367 481.478 0.831378 
352.146 294.73 0.861566 
409.579 373.795 0.909754 
364.179 450.479 0.828036 
292.347 464.662 0.668954 
256.619 462.322 0.686474 
242.179 622.611 0.842249 
227.781 773.441 0.778283 
318.788 467.082 0.681934 
347.478 639.414 0.844752 
392.956 773.469 0.829848 
280.48 218.278 0.913145 
306.818 218.206 0.8778 
268.542 237.39 0.728087 
323.495 232.588 0.719868 
388.065 816.538 0.785396 
404.892 814.078 0.772487 
397.713 778.203 0.637619 
235.042 821.282 0.780322 
218.27 814.162 0.764373 
225.466 778.254 0.615591 
