304.364 225.405 0.855336 
297.247 297.311 0.907738 
254.096 294.747 0.842105 
223.044 187.129 0.603367 
201.54 103.373 0.805142 
349.834 309.187 0.790266 
447.94 352.154 0.895171 
393.033 414.437 0.853831 
337.892 469.474 0.698807 
309.135 479.096 0.655304 
268.455 627.465 0.780914 
223.074 775.868 0.789705 
371.469 459.924 0.665323 
407.206 622.694 0.851337 
431.158 775.711 0.812324 
294.8 218.293 0.953185 
318.732 220.541 0.920095 
275.673 237.34 0.821766 
335.634 239.807 0.847414 
431.212 816.516 0.75814 
448.023 811.739 0.76704 
428.838 780.541 0.61547 
220.667 814.132 0.79721 
203.945 811.662 0.762575 
225.473 790.146 0.629414 
