313.872 239.804 0.952557 
311.596 313.947 0.89682 
258.974 309.151 0.823621 
249.376 196.69 0.778439 
239.925 105.889 0.842437 
357.088 316.336 0.844056 
450.426 371.277 0.886306 
395.363 433.618 0.826842 
335.631 486.194 0.744401 
306.741 491.005 0.677978 
258.918 637.018 0.845119 
230.163 775.78 0.753653 
371.479 479.031 0.711989 
392.976 637.036 0.855152 
431.139 775.865 0.80348 
297.307 234.944 0.899555 
323.513 234.982 0.857631 
282.835 247.007 0.79705 
337.897 249.33 0.791179 
428.912 816.546 0.753432 
447.934 813.991 0.767203 
431.168 785.386 0.584527 
220.583 814.118 0.802247 
203.916 811.587 0.755295 
234.972 790.119 0.606 
