330.642 278.06 0.93712 
316.493 371.326 0.909625 
263.678 376.154 0.810404 
244.636 486.129 0.836971 
237.278 584.333 0.88588 
376.176 357.079 0.806196 
469.484 400.154 0.82834 
412.04 457.522 0.797892 
352.238 505.461 0.794447 
314.008 512.571 0.762947 
251.777 627.437 0.797155 
232.585 775.716 0.787924 
390.432 498.211 0.724631 
412.125 639.294 0.88197 
431.224 773.367 0.817944 
314.032 273.27 0.92553 
337.896 270.922 0.85941 
297.13 294.694 0.87848 
354.703 287.658 0.721147 
431.233 816.525 0.767214 
448.056 811.732 0.76436 
428.858 775.877 0.679154 
218.26 814.126 0.816234 
201.585 811.561 0.780527 
237.412 787.756 0.663202 
