330.642 278.06 0.937028 
318.707 371.333 0.908614 
263.676 376.153 0.81052 
244.636 486.129 0.836554 
237.278 584.334 0.886027 
376.198 357.093 0.799563 
469.482 400.157 0.828357 
412.042 457.525 0.797226 
352.24 505.465 0.795167 
314.007 512.573 0.763167 
251.781 627.44 0.796207 
232.592 775.719 0.790535 
390.438 498.221 0.726455 
412.124 639.29 0.880741 
431.229 773.372 0.81579 
314.032 273.269 0.92548 
337.897 270.92 0.85912 
297.129 294.695 0.878232 
354.706 287.657 0.721812 
431.233 816.522 0.768102 
448.058 811.731 0.763929 
428.862 775.877 0.675579 
218.255 814.126 0.81679 
201.584 811.559 0.782626 
237.416 787.759 0.664169 
