299.668 244.609 0.84889 
292.389 309.184 0.82874 
239.853 297.248 0.869165 
256.5 182.359 0.888195 
258.957 98.6089 0.814905 
335.571 316.296 0.866638 
424.007 371.458 0.898009 
354.74 431.308 0.905583 
304.358 479.054 0.671259 
273.227 483.853 0.662504 
263.712 637.045 0.804991 
263.759 775.865 0.820602 
335.625 471.891 0.691398 
318.748 629.785 0.809331 
328.309 773.375 0.811507 
292.444 235.02 0.893395 
316.319 237.452 0.951596 
275.55 239.898 0.819077 
333.062 254.053 0.808842 
316.285 818.857 0.834716 
333.183 814.102 0.841214 
328.264 778.186 0.683628 
258.926 818.886 0.783526 
242.252 814.066 0.788575 
275.651 785.405 0.763239 
