309.19 215.899 0.872818 
299.704 278.133 0.878251 
251.748 268.541 0.795245 
220.542 160.733 0.766089 
182.316 84.1858 0.882597 
354.684 292.443 0.86288 
438.36 354.547 0.891104 
378.537 419.21 0.818538 
309.195 467.052 0.726377 
273.315 467.08 0.725296 
268.462 624.994 0.782872 
266.099 775.719 0.799904 
345.053 464.726 0.6957 
328.318 620.13 0.828876 
330.624 768.639 0.771506 
297.164 201.499 0.956225 
323.552 201.616 0.881807 
278.038 215.858 0.821904 
349.836 218.338 0.821793 
316.307 818.859 0.832595 
333.195 814.086 0.816402 
328.351 775.728 0.702564 
258.925 818.849 0.775695 
244.543 814.038 0.767926 
275.688 780.609 0.738712 
