309.191 215.899 0.87298 
299.706 278.133 0.878168 
251.745 268.538 0.794589 
220.541 160.734 0.767619 
182.316 84.1897 0.884719 
354.684 292.446 0.863337 
438.358 354.545 0.891207 
378.54 419.217 0.817215 
309.199 467.058 0.727334 
273.319 467.084 0.726363 
266.12 625.033 0.775002 
266.091 775.715 0.799928 
345.055 464.732 0.696139 
328.32 620.137 0.830207 
330.613 770.924 0.771529 
297.167 201.499 0.955947 
323.554 201.617 0.881214 
278.04 215.856 0.819772 
349.836 218.339 0.821714 
316.307 818.846 0.834591 
333.199 814.079 0.819055 
328.348 775.746 0.702341 
258.921 818.841 0.772693 
244.537 814.032 0.765399 
275.683 780.606 0.738312 
