297.25 225.435 0.894329 
311.513 304.374 0.834649 
256.594 313.89 0.852263 
158.456 332.992 0.747516 
62.7606 352.169 0.836774 
357.127 297.247 0.863676 
419.281 388.173 0.856698 
371.447 452.768 0.881514 
280.436 476.653 0.712496 
246.946 471.869 0.687283 
251.752 636.908 0.818292 
247.011 773.477 0.804432 
316.253 481.478 0.730603 
294.716 639.301 0.871881 
316.25 773.341 0.858827 
282.829 220.584 0.907587 
311.531 218.122 0.896052 
273.305 239.786 0.831577 
328.318 225.4 0.761866 
311.528 818.893 0.781774 
328.361 814.127 0.784524 
316.336 775.906 0.711231 
247.013 818.817 0.781648 
234.929 814.036 0.797894 
256.429 780.553 0.705793 
