297.303 220.669 0.945037 
311.555 294.901 0.913768 
258.979 301.97 0.828813 
168.03 259.02 0.740526 
81.8793 234.954 0.843393 
354.766 287.642 0.824408 
412.214 373.813 0.894214 
373.773 447.887 0.899092 
282.843 469.498 0.715787 
254.063 467.096 0.70814 
256.39 632.208 0.814964 
256.591 773.446 0.885554 
316.313 471.922 0.732918 
294.9 634.618 0.848921 
316.483 773.394 0.835257 
282.867 218.186 0.902035 
311.485 211.07 0.861095 
270.906 237.393 0.841333 
328.276 220.679 0.675129 
313.863 818.868 0.817919 
330.726 814.135 0.811169 
318.761 778.168 0.727278 
254.061 818.816 0.821133 
237.468 811.762 0.826775 
261.311 778.194 0.742016 
