251.704 203.994 0.837989 
273.321 294.816 0.912155 
218.339 299.591 0.853279 
208.638 407.276 0.857576 
280.455 447.918 0.876689 
323.516 285.24 0.782877 
352.259 368.917 0.820169 
349.818 421.622 0.782732 
273.306 471.912 0.73555 
239.705 474.269 0.745415 
251.736 627.457 0.810006 
223.055 775.735 0.807787 
302.017 471.883 0.707634 
294.879 639.328 0.87339 
289.985 773.415 0.789505 
232.587 211.081 0.844721 
242.149 199.098 0.857451 
218.278 244.584 0.829713 
0 0 0 
287.605 818.89 0.739619 
301.985 814.063 0.764796 
278.12 778.243 0.699759 
225.45 818.847 0.763122 
213.436 814.034 0.770981 
223.1 780.587 0.657562 
