309.174 237.427 0.915773 
292.363 325.958 0.836735 
234.934 321.135 0.807731 
201.469 426.418 0.857858 
182.373 522.123 0.887701 
349.815 330.688 0.808825 
419.279 404.885 0.824646 
354.746 462.326 0.854372 
285.226 493.427 0.702736 
254.152 498.209 0.710803 
249.347 641.714 0.832927 
239.703 775.777 0.87256 
316.427 491 0.741927 
297.117 639.417 0.895022 
313.832 773.476 0.871841 
297.219 225.412 0.913445 
321.147 234.957 0.84513 
278.16 239.847 0.829739 
335.501 256.542 0.855011 
299.569 818.865 0.799466 
316.44 814.121 0.830292 
313.899 780.545 0.687443 
239.888 816.537 0.802365 
225.42 814.078 0.792519 
242.18 782.984 0.702071 
