275.549 223.133 0.904001 
278.145 316.385 0.91827 
223.128 325.959 0.799991 
239.688 428.891 0.899613 
278.064 505.474 0.727986 
335.44 311.595 0.841611 
397.726 385.751 0.817624 
354.626 431.314 0.920976 
275.779 488.616 0.761575 
239.783 488.729 0.757238 
254.179 641.793 0.866223 
234.95 775.797 0.832558 
313.906 486.268 0.749252 
294.837 641.7 0.868264 
297.299 775.764 0.838468 
256.476 223.042 0.927761 
275.566 218.161 0.894207 
234.914 256.456 0.816462 
0 0 0 
294.74 818.835 0.793748 
311.603 814.125 0.812706 
297.208 780.598 0.685784 
234.928 821.236 0.784823 
218.249 814.095 0.796809 
235.039 782.981 0.690196 
