249.384 215.835 0.890012 
258.861 294.814 0.935668 
211.063 294.892 0.825806 
163.181 390.428 0.92419 
237.286 416.889 0.857822 
304.401 294.749 0.840096 
313.866 371.426 0.798462 
318.843 424.034 0.806125 
263.677 467.167 0.743194 
237.373 469.46 0.757273 
297.3 591.56 0.791541 
203.911 656.065 0.845477 
294.788 467.112 0.752253 
297.294 610.686 0.643218 
259.035 771.043 0.799775 
232.61 215.794 0.870515 
249.383 201.405 0.90714 
215.883 237.45 0.869493 
0 0 0 
275.685 818.829 0.706253 
287.626 811.701 0.73528 
249.303 775.834 0.710142 
198.979 706.391 0.766876 
182.341 696.736 0.710307 
196.683 644.235 0.735875 
