246.922 199.181 0.908574 
254.062 280.455 0.88268 
198.998 282.83 0.839971 
146.468 373.73 0.919152 
218.171 397.769 0.874701 
304.354 278.08 0.867769 
335.553 354.717 0.916981 
313.848 402.481 0.846365 
256.494 447.894 0.754389 
223.007 445.57 0.711797 
254.072 615.409 0.799481 
237.373 773.411 0.780083 
282.849 447.902 0.693821 
273.304 620.27 0.825554 
244.604 780.593 0.62759 
230.215 196.703 0.868889 
256.427 184.796 0.895744 
213.442 218.143 0.845895 
268.498 201.487 0.22696 
273.236 826.052 0.623508 
278.1 816.455 0.645713 
225.427 797.333 0.253832 
256.576 821.218 0.531654 
239.738 818.902 0.492517 
220.704 782.983 0.521783 
