246.953 206.333 0.855001 
254.187 292.463 0.891444 
199.106 294.723 0.864725 
146.424 383.347 0.855513 
218.183 409.704 0.914759 
309.153 292.336 0.806924 
333.05 373.707 0.914677 
311.53 423.985 0.835902 
256.455 452.737 0.756568 
223.106 450.422 0.710446 
280.51 586.812 0.786632 
244.557 754.237 0.538693 
280.422 452.764 0.726919 
280.429 601.096 0.716227 
239.883 737.592 0.670372 
232.587 201.575 0.893864 
254.185 199.06 0.925745 
213.476 225.396 0.823767 
268.502 206.341 0.139288 
273.292 816.51 0.237526 
275.691 809.261 0.250126 
220.725 744.658 0.438426 
278.005 816.426 0.624966 
259.027 814.085 0.558728 
230.17 770.978 0.521208 
