275.655 203.843 0.944479 
258.875 278.113 0.937254 
211.045 280.464 0.821425 
191.899 371.299 0.760647 
196.723 409.698 0.64239 
311.495 275.765 0.850497 
378.547 349.791 0.838011 
309.119 395.344 0.823201 
249.384 450.407 0.707409 
215.892 450.389 0.719676 
223.086 615.419 0.813343 
244.612 759.057 0.769812 
280.54 450.363 0.696754 
275.626 613.074 0.8152 
273.269 773.353 0.740976 
266.091 194.28 0.850191 
292.397 199.1 0.897495 
254.138 199.209 0.561796 
309.216 215.893 0.800696 
258.968 816.428 0.781646 
278.112 814.058 0.758022 
275.648 775.793 0.509387 
237.35 811.729 0.73357 
220.669 804.493 0.638286 
256.461 768.583 0.503767 
