275.545 208.714 0.881206 
256.624 287.659 0.890589 
206.288 292.436 0.835718 
184.704 373.823 0.813614 
184.814 395.321 0.77127 
309.153 280.531 0.806917 
378.563 352.251 0.891432 
313.846 395.416 0.851302 
251.71 455.169 0.709944 
215.872 452.78 0.720599 
220.768 605.855 0.852451 
239.795 735.048 0.861813 
282.88 457.499 0.690557 
273.221 615.469 0.776357 
268.517 775.785 0.733856 
261.37 199.036 0.911498 
287.643 201.472 0.879287 
254.048 203.948 0.466094 
304.436 218.251 0.815013 
258.966 814.111 0.825704 
278.167 814.012 0.82453 
261.375 780.546 0.567686 
232.645 790.164 0.802192 
218.257 778.231 0.734864 
251.698 737.53 0.669343 
