278.157 215.797 0.918844 
263.737 290.045 0.821465 
223.014 294.702 0.846163 
218.256 371.282 0.85126 
199.122 426.458 0.760871 
309.194 282.917 0.794768 
368.996 357.055 0.864351 
302.014 412.151 0.857996 
258.83 459.912 0.721177 
225.429 459.953 0.678952 
237.388 622.759 0.858099 
258.935 768.588 0.830594 
290.059 457.529 0.652678 
280.423 620.291 0.86423 
316.4 773.394 0.84754 
275.649 199.191 0.971687 
297.183 203.983 0.893998 
258.928 208.641 0.39602 
314.043 225.389 0.828033 
280.525 814.184 0.753025 
304.385 814.136 0.69998 
330.746 780.578 0.730079 
251.71 811.717 0.816688 
237.374 806.846 0.777148 
273.203 773.457 0.635521 
