273.317 220.762 0.927502 
258.963 290.062 0.863842 
237.314 297.136 0.823355 
244.56 388.129 0.662521 
203.981 436.002 0.824881 
285.235 278.144 0.847956 
342.715 352.284 0.885365 
280.465 397.7 0.820369 
266.143 459.948 0.690243 
239.738 467.014 0.753078 
196.684 562.918 0.875373 
263.697 648.968 0.786539 
294.814 452.805 0.712762 
280.56 620.255 0.827247 
323.525 773.415 0.784713 
261.405 208.721 0.861622 
289.983 218.171 0.876264 
251.781 218.21 0.42992 
306.78 230.197 0.723943 
294.871 816.552 0.778823 
313.997 816.47 0.738964 
335.589 778.18 0.691865 
258.864 704.028 0.77553 
251.76 699.152 0.69114 
277.988 651.392 0.609735 
