270.889 215.789 0.874514 
258.829 278.183 0.870529 
225.464 294.716 0.771794 
239.856 373.85 0.581502 
211.055 423.982 0.792259 
282.915 273.231 0.81796 
345.106 340.248 0.817156 
278.05 392.954 0.879384 
261.332 448.032 0.725825 
237.362 452.761 0.727266 
196.69 567.634 0.829098 
256.536 668.118 0.790529 
292.437 445.57 0.683152 
280.486 617.808 0.838223 
318.798 773.468 0.772295 
259.036 199.197 0.947358 
285.254 203.913 0.861136 
246.972 208.673 0.415533 
299.657 220.705 0.83843 
294.832 816.554 0.756945 
313.992 816.485 0.717329 
335.456 780.589 0.617681 
239.735 735.154 0.784659 
227.83 725.537 0.657001 
273.21 670.498 0.675514 
