261.377 203.962 0.881229 
249.336 275.618 0.835785 
215.865 280.429 0.829921 
223.072 354.742 0.679748 
199.181 404.868 0.870334 
280.453 261.377 0.829078 
345.097 335.467 0.875311 
285.238 392.992 0.810817 
256.462 445.54 0.753845 
220.716 447.945 0.747827 
199.157 601.018 0.872958 
218.153 730.318 0.842565 
282.911 440.78 0.676465 
275.662 615.467 0.862034 
323.574 759.002 0.790848 
256.563 194.297 0.902363 
278.107 199.161 0.936306 
239.77 199.127 0.735657 
294.923 215.887 0.848769 
299.607 814.014 0.770503 
318.799 811.629 0.71987 
335.587 768.586 0.690589 
196.694 785.39 0.710077 
182.367 775.829 0.70579 
225.439 737.45 0.80413 
