275.601 234.911 0.907152 
261.322 297.137 0.854735 
239.709 306.758 0.742177 
256.52 392.931 0.53742 
215.853 445.546 0.772285 
285.221 292.339 0.81147 
340.258 357.098 0.838664 
280.498 407.244 0.83186 
273.202 467.095 0.722998 
239.861 469.54 0.727689 
196.696 562.728 0.865751 
280.537 629.822 0.610024 
297.173 462.318 0.704688 
278.179 622.649 0.823957 
328.278 775.799 0.803056 
263.731 218.249 0.907192 
292.342 220.777 0.884338 
254.082 223.037 0.400269 
306.768 237.498 0.82117 
294.72 818.867 0.756888 
313.88 818.833 0.725331 
340.263 785.355 0.672832 
275.614 675.306 0.182357 
273.19 675.237 0.183229 
301.987 636.938 0.293626 
