242.13 261.316 0.911875 
239.893 349.766 0.856294 
203.856 359.426 0.81758 
179.93 450.46 0.879355 
125.041 526.923 0.877143 
278.136 333.157 0.889124 
314.072 428.887 0.923841 
290.014 517.368 0.820286 
235.028 505.331 0.734409 
201.464 500.629 0.749465 
196.749 641.856 0.871637 
179.982 773.32 0.887209 
261.397 507.766 0.704498 
258.975 660.854 0.921978 
330.689 773.342 0.856843 
234.98 254.184 0.899114 
256.605 256.515 0.921304 
218.29 266.135 0.721337 
275.678 275.597 0.797813 
316.453 821.259 0.834547 
335.434 814.124 0.810341 
335.622 773.481 0.764713 
175.127 814.019 0.868984 
160.746 809.25 0.825575 
184.746 778.138 0.733167 
