249.323 220.765 0.898125 
249.314 294.878 0.864095 
201.493 285.286 0.801075 
182.25 270.839 0.736442 
201.602 249.362 0.770786 
294.918 299.706 0.857848 
316.476 409.609 0.884777 
287.612 373.879 0.778687 
251.695 450.404 0.672649 
218.228 452.795 0.682131 
239.689 625.038 0.829316 
244.633 775.896 0.795016 
280.484 450.304 0.679986 
275.542 617.771 0.835567 
287.684 773.407 0.763158 
237.419 213.495 0.912911 
259.044 213.45 0.890136 
220.776 220.564 0.667867 
278.162 220.634 0.875145 
268.535 823.676 0.771579 
290.021 818.842 0.750247 
297.203 780.59 0.664017 
232.607 821.264 0.714335 
218.304 814.074 0.748078 
256.598 792.463 0.620792 
