251.691 220.641 0.918266 
254.108 294.723 0.884839 
203.851 285.272 0.803706 
182.489 275.731 0.820996 
206.28 242.139 0.761607 
297.256 297.222 0.88212 
321.192 402.525 0.829894 
287.632 388.075 0.780555 
244.63 455.158 0.695053 
215.863 457.529 0.682794 
235.008 629.844 0.789825 
246.975 775.725 0.814809 
278.101 455.127 0.721642 
261.309 617.778 0.83373 
287.624 773.37 0.768755 
237.437 211.114 0.905192 
261.273 211.028 0.876826 
220.689 220.71 0.749297 
278.18 220.601 0.848263 
268.489 826.019 0.791915 
287.653 818.886 0.754853 
297.241 778.254 0.68119 
234.933 818.928 0.737494 
218.338 814.031 0.760705 
256.605 785.372 0.58977 
