251.755 227.864 0.851492 
244.614 294.912 0.877949 
198.997 304.36 0.84425 
182.312 392.885 0.908334 
215.773 309.155 0.690687 
297.223 285.239 0.84716 
335.515 383.362 0.852598 
277.977 448.047 0.907422 
237.501 462.322 0.71944 
203.883 462.302 0.69312 
218.255 622.707 0.790022 
246.972 773.484 0.821767 
273.267 462.341 0.657597 
235.024 620.213 0.859768 
280.503 773.386 0.804376 
239.687 218.298 0.980873 
261.36 218.306 0.93114 
220.743 227.833 0.777186 
278.207 227.813 0.788543 
268.529 821.285 0.780559 
290.044 814.135 0.76492 
294.793 778.176 0.714363 
232.641 818.91 0.755664 
220.578 814.015 0.774967 
256.603 782.959 0.604627 
