251.69 220.661 0.919688 
251.781 287.597 0.826303 
201.469 278.093 0.861484 
182.324 294.708 0.891116 
203.926 239.842 0.821874 
299.605 294.795 0.872785 
330.668 392.971 0.890213 
278.13 390.628 0.866651 
242.245 452.769 0.715806 
213.462 452.756 0.678745 
230.248 622.693 0.788753 
249.338 773.455 0.82622 
277.982 452.795 0.728119 
258.822 617.802 0.871033 
282.924 773.327 0.776871 
237.463 213.415 0.910243 
261.286 211.083 0.879168 
220.725 220.581 0.715396 
278.211 220.597 0.845149 
268.478 826.045 0.797199 
287.621 818.874 0.755206 
297.203 778.145 0.699332 
234.929 821.226 0.744291 
220.558 814.036 0.755779 
256.629 782.956 0.598519 
