251.715 220.749 0.910409 
244.581 289.971 0.837721 
191.954 285.297 0.815712 
180.039 337.97 0.871241 
215.768 273.2 0.812471 
299.672 290.039 0.815943 
333.088 390.409 0.908934 
277.999 431.144 0.89099 
239.737 450.385 0.741488 
203.935 450.349 0.703554 
227.783 622.585 0.778639 
249.376 775.755 0.822949 
275.601 450.414 0.708302 
244.542 617.782 0.825137 
280.543 773.455 0.786009 
237.459 213.504 0.920668 
261.294 213.49 0.889586 
220.652 220.594 0.76385 
278.212 220.572 0.823789 
270.849 826.055 0.796804 
290.025 818.84 0.761643 
294.866 778.262 0.676852 
232.594 821.251 0.745976 
218.327 814.039 0.76919 
258.857 785.394 0.589472 
