251.716 232.596 0.859032 
242.231 297.278 0.881278 
199.005 311.592 0.86992 
182.325 404.891 0.896447 
201.406 347.432 0.845463 
294.832 285.288 0.838326 
335.438 376.142 0.900254 
278.066 448.057 0.8886 
237.478 464.689 0.730824 
203.947 464.674 0.692901 
218.154 625.021 0.796869 
249.363 775.753 0.822616 
270.895 464.702 0.651961 
230.168 620.278 0.826535 
280.444 773.335 0.803988 
239.675 220.564 0.981606 
261.306 220.555 0.929371 
220.766 230.186 0.744848 
278.169 225.421 0.786528 
268.509 823.643 0.786003 
289.995 814.158 0.759232 
294.823 775.857 0.741755 
232.577 821.246 0.751931 
220.558 814.043 0.765529 
258.88 787.721 0.585456 
