249.383 220.678 0.918205 
251.699 282.917 0.83523 
199.015 278.172 0.849915 
182.277 316.314 0.903049 
208.67 256.44 0.830792 
299.694 292.406 0.829072 
332.972 390.51 0.914155 
275.764 411.99 0.906254 
239.907 452.765 0.729388 
208.647 450.445 0.688564 
227.849 622.654 0.773176 
249.329 775.756 0.821058 
275.74 455.114 0.717561 
254.08 620.112 0.854907 
282.901 773.393 0.780737 
237.428 213.446 0.901422 
259.069 213.409 0.88083 
220.684 220.538 0.557621 
280.426 220.551 0.824872 
268.536 828.348 0.803352 
290.01 818.879 0.756577 
297.167 778.191 0.702552 
232.607 821.245 0.743493 
218.322 814.039 0.764127 
256.649 785.378 0.603341 
