254.075 239.726 0.925433 
242.194 299.687 0.834718 
199.09 316.301 0.799857 
194.304 409.612 0.840799 
201.487 316.304 0.800394 
290.05 287.601 0.788869 
337.882 371.32 0.884998 
280.469 426.339 0.843174 
239.731 469.444 0.759495 
206.335 469.492 0.707432 
206.341 634.624 0.753671 
251.699 775.721 0.832319 
273.213 467.143 0.686057 
225.482 622.573 0.856435 
278.191 773.393 0.830454 
239.796 225.409 0.919038 
263.753 230.214 0.834299 
222.994 235.014 0.79254 
278.172 237.5 0.74516 
268.531 825.989 0.80057 
287.61 816.522 0.771786 
294.753 775.812 0.747816 
230.181 818.857 0.743316 
218.316 811.75 0.760499 
258.888 782.977 0.58647 
