237.367 198.989 0.945792 
242.135 278.205 0.8683 
203.91 278.08 0.84763 
237.385 376.188 0.895344 
313.872 357.002 0.923584 
278.175 280.556 0.806166 
278.135 354.644 0.470458 
311.591 404.894 0.749248 
244.594 455.114 0.686942 
218.269 455.117 0.680099 
230.231 622.61 0.81221 
234.992 778.15 0.782891 
275.661 455.114 0.721285 
266.091 629.82 0.754352 
261.333 773.319 0.781313 
218.305 196.7 0.928742 
237.305 182.429 0.901469 
199.086 220.555 0.884743 
0 0 0 
282.832 816.456 0.652413 
294.89 811.566 0.749028 
256.598 778.199 0.636267 
242.162 816.498 0.798577 
223.065 814.131 0.801208 
237.338 792.43 0.631594 
