232.549 213.409 0.857823 
244.533 282.832 0.82909 
208.662 285.276 0.784334 
141.63 354.731 0.918108 
218.192 395.325 0.876981 
282.839 278.183 0.837544 
316.421 369.029 0.844542 
297.168 407.223 0.863994 
242.237 455.188 0.679081 
223.087 452.781 0.677763 
239.891 617.76 0.847709 
203.867 773.445 0.842701 
261.395 459.927 0.626006 
273.275 620.152 0.789622 
246.952 775.768 0.736599 
215.795 211.106 0.861328 
230.218 199.18 0.919989 
199.061 237.446 0.887447 
0 0 0 
287.651 816.529 0.627759 
292.458 809.3 0.676905 
239.808 787.783 0.334601 
251.751 816.498 0.687876 
223.058 814.151 0.662533 
194.269 782.935 0.708955 
