232.574 215.899 0.895423 
244.539 282.828 0.837868 
206.28 285.21 0.792436 
129.723 349.847 0.839743 
201.506 393.041 0.89792 
282.915 280.427 0.830196 
316.399 366.631 0.829314 
294.904 409.593 0.88465 
242.169 467.07 0.727206 
220.749 464.74 0.703571 
246.998 617.872 0.813228 
203.927 773.461 0.837382 
261.375 467.13 0.659199 
275.618 620.194 0.810706 
247.004 775.808 0.746769 
215.793 215.826 0.888375 
232.562 201.496 0.91947 
198.993 237.499 0.886054 
0 0 0 
287.649 816.538 0.633677 
292.462 809.308 0.688968 
239.837 790.1 0.352843 
249.388 816.484 0.701271 
223.024 814.137 0.678508 
194.351 782.932 0.71733 
