230.247 206.312 0.866478 
244.587 282.889 0.816234 
208.643 289.976 0.784736 
144.208 364.179 0.84801 
225.461 397.675 0.804557 
282.912 278.19 0.829705 
316.313 368.977 0.798705 
297.32 402.486 0.746787 
242.15 455.114 0.712668 
220.694 452.76 0.713156 
239.867 613.044 0.83118 
203.866 773.429 0.844673 
261.402 455.177 0.643102 
273.243 615.41 0.763848 
249.353 775.763 0.737195 
215.783 206.278 0.865338 
230.239 199.053 0.878096 
199.034 235.035 0.838353 
0 0 0 
285.279 816.497 0.637776 
292.444 809.268 0.691559 
239.871 787.762 0.347151 
251.725 816.446 0.695445 
223.059 814.113 0.67625 
194.284 780.617 0.712986 
