237.39 242.178 0.938363 
239.852 314.049 0.911797 
203.938 304.434 0.810524 
179.93 400.105 0.852047 
220.758 352.227 0.876925 
278.032 321.107 0.854111 
311.604 416.834 0.824938 
311.526 383.353 0.783283 
258.834 481.415 0.743379 
234.998 481.489 0.698481 
304.433 601.114 0.844812 
225.449 735.008 0.766044 
280.503 476.687 0.689738 
292.367 620.263 0.646738 
256.529 771.019 0.741224 
220.547 239.789 0.963196 
239.708 232.63 0.920393 
201.509 259.046 0.919944 
0 0 0 
294.787 816.516 0.681817 
297.186 811.587 0.684132 
239.729 778.16 0.44121 
237.475 782.938 0.513827 
223.023 775.78 0.524311 
213.448 737.448 0.633289 
