237.381 237.308 0.959923 
237.474 313.881 0.912244 
201.575 304.38 0.831608 
160.821 392.924 0.937531 
220.63 416.823 0.869552 
273.235 316.308 0.853609 
273.302 390.6 0.472915 
297.241 423.989 0.802748 
256.617 486.24 0.758497 
234.964 488.603 0.688253 
278.142 639.493 0.855495 
213.415 773.367 0.838123 
280.459 483.846 0.703717 
294.817 641.759 0.812272 
254.189 775.904 0.773633 
218.315 234.964 0.928186 
237.464 220.692 0.968941 
199.174 256.612 0.923373 
0 0 0 
297.237 818.899 0.658317 
297.214 811.678 0.686364 
242.252 792.443 0.388127 
249.356 816.438 0.689182 
223.061 811.735 0.638235 
199.008 775.851 0.813202 
