237.331 225.414 0.914731 
242.262 297.135 0.876656 
206.327 292.453 0.817271 
191.884 373.799 0.845821 
232.545 318.784 0.789846 
282.833 299.594 0.828482 
323.549 373.854 0.82003 
297.32 347.413 0.773912 
256.471 469.433 0.780954 
232.627 469.471 0.720857 
297.337 598.722 0.829924 
223.102 737.518 0.780065 
278.023 467.157 0.764702 
278.165 613.106 0.703566 
254.132 775.722 0.738412 
218.291 223 0.937364 
237.455 215.863 0.938947 
201.43 244.604 0.859093 
0 0 0 
294.739 816.546 0.720569 
294.868 811.64 0.735968 
237.406 785.395 0.410112 
239.745 794.928 0.585779 
220.707 790.091 0.542839 
213.405 739.942 0.635953 
