237.444 225.477 0.926313 
239.914 294.922 0.903357 
199.125 297.354 0.889412 
213.475 349.81 0.829987 
225.474 280.502 0.760742 
285.272 292.428 0.825128 
328.264 352.257 0.859828 
292.465 321.182 0.739281 
258.93 464.646 0.70962 
242.187 462.329 0.669739 
270.893 620.16 0.826209 
220.698 782.94 0.811585 
275.725 464.705 0.640097 
297.155 620.312 0.852603 
256.49 775.719 0.847786 
220.59 220.782 0.947751 
239.738 218.133 0.940097 
199.175 242.161 0.878866 
0 0 0 
294.755 816.516 0.69775 
297.208 809.32 0.75181 
249.306 782.96 0.415157 
256.47 828.42 0.716162 
232.595 826.033 0.624286 
213.394 792.487 0.705891 
