237.354 218.222 0.970294 
246.943 278.183 0.850873 
201.466 292.338 0.860635 
213.493 347.466 0.814696 
220.648 280.526 0.779706 
294.703 273.299 0.870623 
321.158 333.143 0.769772 
294.772 330.675 0.508364 
256.587 447.976 0.719677 
239.775 447.951 0.718863 
256.637 601.176 0.868915 
232.632 775.751 0.777904 
275.566 450.303 0.617744 
285.221 603.609 0.779394 
256.454 773.416 0.753559 
218.272 215.827 0.931761 
239.691 201.57 0.964667 
199.041 237.301 0.886191 
256.372 201.476 0.0689346 
299.569 818.873 0.651575 
299.62 811.626 0.690696 
242.161 780.555 0.21021 
263.747 830.853 0.578537 
239.847 828.443 0.519557 
218.221 782.986 0.665322 
