239.699 232.615 0.930613 
239.752 299.585 0.916151 
199.186 297.274 0.906797 
218.131 357.074 0.868322 
237.484 292.463 0.825495 
278.182 299.618 0.849016 
333.07 371.38 0.881228 
311.525 333.062 0.812576 
259.002 469.433 0.756547 
237.404 469.463 0.74321 
278.033 622.699 0.862681 
227.787 780.599 0.763748 
282.908 467.177 0.68566 
297.155 624.993 0.838757 
256.493 775.887 0.794344 
220.693 227.785 0.912725 
239.856 218.32 0.961846 
201.492 246.939 0.839691 
0 0 0 
297.169 818.849 0.710616 
297.243 811.602 0.744039 
246.925 792.43 0.25735 
261.379 830.824 0.660054 
239.791 828.43 0.579448 
215.805 792.474 0.734848 
