239.828 237.285 0.948275 
239.896 302.001 0.840412 
201.483 297.261 0.880634 
218.219 359.489 0.864502 
239.895 297.22 0.872762 
282.819 311.509 0.771736 
335.441 376.22 0.887197 
316.373 335.513 0.874165 
261.383 471.951 0.716604 
237.47 474.259 0.718999 
278.03 622.711 0.863611 
232.552 778.264 0.771577 
292.421 474.266 0.686982 
297.125 629.792 0.813738 
256.541 775.895 0.787327 
223.042 232.628 0.889189 
239.923 220.627 0.949022 
201.624 251.706 0.808264 
0 0 0 
297.265 818.846 0.712834 
297.296 811.611 0.758174 
249.33 792.447 0.244869 
263.729 833.214 0.649352 
239.835 830.839 0.581794 
218.136 790.156 0.716321 
