249.34 261.4 0.870839 
258.897 333.213 0.93403 
215.808 337.908 0.850594 
239.716 395.405 0.85675 
239.752 328.32 0.764962 
302.001 330.71 0.839852 
335.467 393.021 0.879477 
297.141 371.453 0.779699 
239.831 498.245 0.722459 
220.689 493.45 0.704036 
278.068 622.623 0.890469 
239.717 790.137 0.772068 
258.963 503.03 0.653978 
333.026 644.142 0.832126 
254.174 780.575 0.6796 
232.585 258.989 0.911276 
254.05 254.093 0.884561 
206.323 278.16 0.834774 
0 0 0 
304.364 818.833 0.631499 
301.963 811.674 0.638883 
225.412 790.116 0.213317 
273.224 835.599 0.612321 
247.001 833.291 0.556186 
220.711 794.974 0.691116 
