249.382 244.638 0.857431 
244.54 313.856 0.832968 
215.765 306.739 0.812813 
223.126 373.807 0.885644 
256.479 311.554 0.87274 
278.005 316.294 0.825678 
337.882 392.904 0.860664 
316.405 352.265 0.823551 
258.907 486.258 0.779964 
235.021 486.291 0.726565 
278.185 603.621 0.849798 
249.352 771.008 0.619115 
282.865 486.22 0.705244 
313.845 622.561 0.880607 
249.323 763.804 0.632858 
234.909 239.923 0.897323 
254.075 237.272 0.889696 
211.063 261.288 0.820593 
0 0 0 
299.605 825.977 0.443813 
301.969 814.089 0.45027 
223.091 768.652 0.359276 
280.507 828.406 0.596763 
261.37 828.386 0.49095 
235.019 782.957 0.534003 
