249.359 254.076 0.869478 
256.627 318.845 0.896231 
218.118 316.447 0.884109 
237.264 380.979 0.851331 
256.398 316.393 0.842391 
297.311 321.208 0.848005 
335.546 390.615 0.810752 
311.49 368.938 0.676363 
242.25 488.738 0.722296 
220.712 488.704 0.713775 
280.554 613.031 0.795622 
254.133 778.192 0.689568 
268.474 491.051 0.655781 
321.166 637.026 0.825315 
249.324 770.961 0.707268 
232.602 249.332 0.853378 
251.769 237.449 0.915967 
211.088 268.501 0.795753 
0 0 0 
292.401 818.862 0.310716 
290.035 811.741 0.355277 
225.475 775.803 0.465762 
278.037 826.047 0.613624 
258.932 825.984 0.526046 
239.798 790.135 0.514242 
