251.708 277.974 0.918484 
256.554 352.133 0.92162 
211.055 354.694 0.851147 
237.381 414.418 0.860665 
237.395 352.271 0.744894 
299.646 337.959 0.835095 
335.466 414.517 0.846416 
304.366 388.163 0.712156 
239.786 517.385 0.725164 
220.71 515.006 0.711336 
294.844 627.411 0.865671 
239.716 790.124 0.801113 
258.869 522.073 0.655767 
335.574 651.329 0.797514 
258.948 775.884 0.750417 
234.944 275.617 0.923242 
254.155 261.425 0.893945 
213.397 294.776 0.840476 
0 0 0 
301.984 821.255 0.605989 
299.645 811.716 0.633168 
246.94 785.372 0.196412 
273.209 833.29 0.678486 
246.993 833.18 0.596047 
223.065 794.931 0.654851 
