256.42 270.913 0.907154 
256.538 337.891 0.918992 
211.113 335.494 0.868077 
227.808 409.618 0.868758 
249.39 335.6 0.762729 
297.249 340.329 0.844188 
335.517 424.031 0.846678 
314.072 373.791 0.850215 
256.418 512.615 0.744247 
225.43 512.567 0.687436 
299.579 622.709 0.86268 
254.17 785.374 0.668465 
278.127 512.604 0.719954 
335.478 641.751 0.862476 
256.431 773.354 0.727345 
237.382 261.393 0.937626 
256.625 256.564 0.967484 
215.902 278.208 0.849554 
0 0 0 
294.858 821.294 0.389017 
294.83 814.096 0.40296 
232.599 775.839 0.414254 
275.622 833.165 0.641184 
256.572 830.814 0.551394 
239.749 792.563 0.531057 
