256.514 237.395 0.969178 
256.458 304.385 0.870731 
211.03 297.206 0.876534 
227.821 354.614 0.872981 
254.052 297.113 0.861323 
294.904 313.834 0.872706 
342.714 383.373 0.800163 
318.744 333.152 0.846504 
268.511 476.711 0.697979 
239.84 476.717 0.710377 
292.413 608.274 0.80698 
259.049 780.557 0.674137 
294.819 479.043 0.726334 
304.397 622.57 0.739001 
242.204 766.204 0.725739 
237.447 232.604 0.918009 
258.93 223.003 0.945207 
218.21 251.735 0.844561 
0 0 0 
242.181 811.602 0.242653 
254.125 806.913 0.267363 
230.185 773.449 0.629225 
282.881 823.629 0.589872 
263.771 818.878 0.506838 
256.516 794.952 0.568523 
