256.418 242.163 0.929211 
256.529 313.852 0.909911 
213.41 306.797 0.816024 
234.956 364.225 0.859777 
254.136 299.67 0.846526 
297.127 314.001 0.907264 
342.663 388.167 0.842001 
325.926 347.47 0.804883 
256.629 483.877 0.737679 
234.951 481.44 0.673705 
292.477 603.406 0.856326 
268.465 778.149 0.657404 
280.452 486.272 0.690171 
316.453 622.655 0.839049 
251.746 761.493 0.681489 
237.367 239.701 0.976372 
256.61 232.593 0.916663 
218.132 258.905 0.90943 
0 0 0 
256.516 814.045 0.222914 
261.354 806.933 0.278661 
232.623 773.404 0.622594 
294.742 823.677 0.647211 
275.673 823.631 0.548539 
261.283 792.526 0.524066 
