256.474 237.351 0.962181 
256.45 302.021 0.883475 
208.681 297.251 0.878858 
230.183 354.632 0.870982 
244.539 294.763 0.851805 
297.17 309.132 0.861637 
340.249 373.855 0.844891 
318.738 335.627 0.822537 
263.744 469.541 0.730242 
239.75 469.578 0.728817 
292.424 615.466 0.816175 
256.595 778.217 0.695677 
292.455 469.563 0.725739 
301.963 620.336 0.77202 
239.89 773.294 0.753757 
237.421 232.542 0.917036 
258.88 220.752 0.947091 
218.173 249.345 0.8347 
0 0 0 
244.62 816.501 0.212992 
0 0 0 
225.425 778.141 0.588205 
278.161 828.399 0.630288 
261.398 826.016 0.525721 
246.951 792.574 0.532077 
