256.638 256.601 0.984337 
258.85 328.354 0.882708 
213.483 328.281 0.825852 
220.749 385.737 0.863724 
254.104 321.117 0.815111 
302.042 328.34 0.821826 
318.719 407.253 0.827508 
299.693 357.012 0.724574 
244.552 491.008 0.727384 
222.996 488.662 0.728661 
304.394 605.887 0.804812 
275.561 775.822 0.711722 
268.491 493.469 0.660572 
330.674 634.545 0.780177 
249.321 766.189 0.705428 
239.797 251.774 0.92119 
259.072 242.155 0.92176 
220.606 268.517 0.851785 
275.689 242.228 0.0713499 
239.78 799.716 0.402974 
254.173 802.12 0.487659 
232.641 773.305 0.697178 
285.282 818.905 0.654883 
270.872 814.165 0.599821 
268.484 790.147 0.474887 
