258.876 239.864 0.976947 
258.855 313.905 0.935669 
215.764 302.062 0.829238 
218.133 354.547 0.912186 
251.767 294.889 0.860479 
301.984 316.307 0.861182 
314.064 390.565 0.829289 
297.185 335.49 0.733479 
246.996 476.662 0.693046 
220.735 471.95 0.706597 
297.156 601.016 0.880728 
254.13 773.406 0.661267 
273.326 481.429 0.693473 
316.343 622.592 0.823514 
251.717 766.25 0.66579 
239.9 237.313 0.948194 
263.72 230.202 0.84523 
220.639 254.047 0.851493 
278.165 237.447 0.151355 
297.208 818.844 0.373349 
294.863 811.664 0.379512 
225.449 775.735 0.419016 
294.838 816.499 0.523747 
275.688 818.886 0.413488 
237.382 787.761 0.590139 
