256.456 251.76 0.909028 
256.603 316.417 0.928178 
213.403 325.891 0.787409 
201.614 414.506 0.85457 
218.165 359.42 0.510977 
302.029 313.84 0.828733 
323.545 388.125 0.631297 
294.895 392.939 0.480875 
244.58 486.184 0.742563 
220.667 486.149 0.737403 
256.564 622.716 0.877188 
220.721 785.355 0.802435 
273.251 486.237 0.719022 
311.537 639.366 0.821106 
263.679 766.171 0.783475 
237.457 239.898 0.967989 
258.978 237.412 0.961734 
218.218 258.846 0.900331 
275.685 242.239 0.243819 
287.643 816.491 0.698505 
297.267 809.31 0.781211 
256.488 773.365 0.68611 
254.105 828.465 0.685075 
230.18 828.461 0.652679 
215.847 792.625 0.722476 
