237.282 215.885 0.924414 
237.396 275.579 0.873493 
201.429 294.736 0.74153 
168.013 383.398 0.79607 
189.522 306.813 0.546524 
273.234 256.43 0.820612 
335.587 318.851 0.849957 
330.615 409.708 0.859302 
258.829 433.595 0.705364 
223.001 436.016 0.681648 
234.999 603.506 0.836899 
218.329 766.206 0.788826 
292.47 431.227 0.683825 
294.713 625.036 0.774737 
280.45 763.817 0.760435 
220.622 201.614 0.947641 
244.546 201.587 0.881939 
199.197 218.176 0.87613 
258.933 213.498 0.466357 
282.897 816.437 0.699693 
299.614 811.664 0.733794 
273.24 773.321 0.682433 
218.33 816.479 0.74673 
201.578 811.668 0.705429 
223.042 773.417 0.674742 
