242.139 239.843 0.943367 
249.354 304.361 0.809793 
203.894 318.769 0.818197 
184.771 428.702 0.863305 
199.143 349.873 0.749176 
294.769 285.254 0.834425 
340.247 371.494 0.865419 
318.83 455.172 0.824172 
256.407 471.877 0.730073 
220.577 469.549 0.749815 
249.334 620.297 0.827371 
220.658 785.32 0.784644 
287.635 471.92 0.662024 
294.926 639.34 0.758513 
258.992 773.288 0.837952 
227.842 237.289 0.904225 
254.106 230.256 0.868456 
208.688 249.394 0.791252 
263.725 237.462 0.297204 
285.258 814.189 0.745763 
297.165 809.258 0.816304 
254.07 775.908 0.696642 
239.868 828.418 0.678384 
220.747 826.005 0.652959 
218.196 792.586 0.705792 
