232.541 199.133 0.917737 
220.642 263.697 0.859785 
177.543 285.256 0.789621 
163.196 371.351 0.891767 
194.344 306.779 0.729076 
263.76 242.241 0.797523 
345.108 297.117 0.873461 
318.739 373.804 0.877989 
256.441 424.018 0.721662 
220.578 431.155 0.740994 
225.461 603.576 0.814031 
218.337 770.951 0.800664 
289.996 412.137 0.693895 
314.028 603.575 0.857931 
342.721 751.867 0.767031 
218.198 187.147 0.904545 
239.852 187.159 0.880763 
196.652 201.481 0.843596 
256.541 199.214 0.651906 
349.82 797.298 0.739217 
361.836 792.514 0.715974 
337.938 756.605 0.671872 
220.63 816.555 0.755902 
203.902 814.018 0.718537 
220.723 775.756 0.628044 
