237.495 220.773 0.947026 
239.823 287.647 0.849854 
201.529 309.151 0.738235 
177.564 397.74 0.810256 
191.967 316.442 0.682077 
278.017 263.707 0.846674 
337.944 335.628 0.861332 
325.94 428.711 0.841208 
256.597 447.969 0.709735 
220.648 447.998 0.712566 
237.351 613.037 0.823029 
220.649 773.383 0.785102 
294.728 447.965 0.668319 
292.395 625.064 0.699078 
273.225 768.612 0.748116 
223.005 215.902 0.922052 
247.001 215.78 0.847476 
201.595 227.849 0.827769 
261.294 220.598 0.392352 
290.062 818.892 0.657775 
299.578 811.689 0.752506 
256.599 775.776 0.674213 
230.205 816.542 0.678308 
213.435 814.043 0.693232 
223.011 778.222 0.635624 
