273.281 203.979 0.893018 
275.627 275.62 0.945185 
220.692 258.927 0.89933 
151.215 335.6 0.837168 
220.577 297.312 0.885833 
328.318 290.051 0.79991 
371.284 390.464 0.908175 
287.608 392.876 0.832474 
239.754 433.634 0.733907 
203.881 431.278 0.681418 
218.194 605.95 0.805365 
208.671 771.032 0.688773 
275.676 433.669 0.738583 
302.023 610.697 0.7945 
335.541 759.074 0.795346 
258.829 199.19 0.951857 
280.456 196.638 0.892708 
244.624 218.168 0.666027 
302.006 201.588 0.824526 
340.257 811.63 0.755359 
354.751 802.116 0.685915 
333.148 770.945 0.657151 
218.327 814.167 0.698187 
201.526 811.755 0.661949 
211.086 778.141 0.535657 
