275.533 239.862 0.939554 
292.443 323.544 0.851043 
237.423 333.147 0.857039 
201.466 443.145 0.887471 
230.214 395.373 0.761168 
345.024 314.062 0.842441 
409.695 388.176 0.895423 
349.838 433.694 0.831805 
275.769 476.709 0.725421 
239.77 476.695 0.730127 
199.004 622.606 0.87111 
129.697 773.325 0.775744 
313.909 479.074 0.706865 
314.062 656.113 0.846234 
318.715 775.78 0.842863 
258.948 237.314 0.950258 
282.816 232.572 0.856764 
251.77 254.181 0.550771 
306.773 239.876 0.79342 
325.912 816.458 0.797197 
340.261 811.688 0.819625 
314.017 780.608 0.749411 
117.709 818.911 0.715753 
105.692 811.739 0.694715 
127.375 775.878 0.566172 
