275.711 223.045 0.938371 
294.71 301.964 0.895615 
239.723 309.175 0.847275 
198.977 414.498 0.87901 
251.745 373.707 0.821229 
342.716 297.196 0.844118 
404.906 383.374 0.816964 
335.545 428.691 0.875914 
273.239 452.79 0.714403 
235.022 452.75 0.722952 
194.288 610.673 0.782318 
132.148 761.428 0.718103 
309.123 455.115 0.68317 
313.874 641.737 0.855653 
318.724 775.701 0.830171 
261.282 218.322 0.931447 
287.642 215.801 0.86093 
256.467 237.497 0.617401 
313.894 223.049 0.825629 
325.928 816.491 0.786787 
340.27 811.698 0.81079 
314.032 778.235 0.761367 
122.489 814.147 0.705657 
105.888 809.239 0.642776 
129.745 770.971 0.524464 
