275.791 201.523 0.966044 
287.646 273.257 0.850495 
237.38 266.101 0.844674 
182.294 359.409 0.883506 
244.532 316.474 0.852479 
335.588 275.663 0.87509 
390.447 371.432 0.919638 
314.021 397.763 0.831639 
254.164 436.026 0.695839 
218.235 433.639 0.709683 
201.504 603.414 0.86788 
168.01 754.251 0.710971 
290.059 438.402 0.677494 
297.299 620.338 0.871519 
318.834 770.998 0.784128 
261.304 198.981 0.918667 
287.597 187.172 0.85419 
254.164 215.78 0.790434 
311.596 199.081 0.851037 
325.929 816.482 0.752209 
340.278 811.684 0.757919 
316.363 775.778 0.767682 
163.195 811.682 0.61947 
148.898 802.136 0.55062 
167.983 759.08 0.508134 
