261.366 199.169 0.939757 
256.611 275.754 0.928038 
203.858 280.537 0.829784 
182.346 392.881 0.905017 
218.248 318.827 0.819608 
309.154 273.249 0.814245 
383.402 337.896 0.857838 
318.707 392.878 0.835892 
263.727 436.004 0.692709 
232.606 440.784 0.674118 
220.708 608.26 0.81426 
201.403 763.814 0.768977 
297.339 431.286 0.717623 
313.994 613.047 0.858312 
335.565 771.01 0.762502 
251.786 184.843 0.871269 
275.77 187.195 0.9082 
232.611 201.465 0.829462 
292.47 201.591 0.723246 
333.006 813.985 0.822628 
349.867 811.579 0.763969 
335.539 775.776 0.632467 
203.955 816.449 0.735704 
189.568 811.72 0.680276 
199.181 773.332 0.567206 
