270.932 239.742 0.923509 
280.507 316.47 0.880308 
232.648 328.337 0.796239 
199.12 445.557 0.912518 
215.89 381.013 0.822009 
333.119 311.61 0.861828 
407.292 376.147 0.870575 
352.209 428.837 0.885719 
278.087 467.111 0.745625 
242.193 469.427 0.714102 
203.986 620.275 0.819159 
144.19 773.293 0.813561 
313.969 467.097 0.738536 
309.206 641.869 0.813407 
318.717 775.783 0.837433 
258.819 232.59 0.901484 
280.484 230.196 0.862271 
244.543 244.545 0.67688 
299.619 239.892 0.836505 
325.916 816.46 0.797804 
337.987 811.684 0.81679 
314.045 780.616 0.751246 
129.716 818.843 0.752042 
122.403 811.698 0.719671 
146.453 775.903 0.614309 
