263.72 220.723 0.906231 
268.455 299.641 0.830214 
218.179 313.924 0.855707 
187.193 426.366 0.811071 
206.349 352.341 0.767452 
316.361 294.702 0.864633 
392.9 354.786 0.906566 
335.624 412.005 0.85488 
273.318 452.747 0.716968 
237.439 452.819 0.723586 
218.124 617.886 0.837116 
175.159 773.451 0.777261 
309.197 450.41 0.691622 
304.43 625.096 0.794409 
321.14 773.366 0.791815 
256.425 213.446 0.890679 
278.054 213.495 0.894272 
237.478 220.766 0.823383 
297.142 223.001 0.809087 
325.882 816.445 0.774613 
340.257 811.678 0.782787 
316.41 778.134 0.731617 
165.583 823.618 0.751364 
153.618 814.119 0.702887 
175.177 780.601 0.617807 
