244.528 201.502 0.932208 
237.341 273.295 0.901384 
184.771 268.538 0.813615 
163.295 354.76 0.875288 
215.761 306.778 0.799397 
282.837 275.655 0.863279 
313.951 368.988 0.625884 
297.25 352.265 0.631118 
256.462 438.42 0.690936 
220.738 443.162 0.664111 
244.625 608.258 0.786036 
213.418 763.84 0.702007 
285.245 433.658 0.643955 
280.534 617.828 0.77446 
239.837 773.333 0.63413 
232.571 196.671 0.885157 
256.463 189.569 0.898187 
206.289 203.858 0.841022 
268.491 199.156 0.352385 
287.667 828.452 0.578624 
287.646 816.501 0.574158 
230.224 787.776 0.28557 
225.401 814.087 0.659324 
206.318 811.63 0.611002 
201.413 773.374 0.52409 
