251.738 213.48 0.865258 
237.394 292.469 0.922138 
182.344 285.233 0.832274 
163.142 390.44 0.910095 
206.246 337.923 0.773042 
292.347 297.139 0.876073 
311.614 390.443 0.743785 
301.973 369.022 0.736162 
239.879 452.749 0.692743 
208.651 457.525 0.629219 
223.058 625.003 0.82267 
218.116 773.439 0.830504 
275.724 450.338 0.705432 
304.414 634.628 0.746824 
292.396 756.684 0.844666 
237.351 201.48 0.956523 
258.917 201.449 0.961161 
218.119 218.116 0.860141 
275.543 215.79 0.387594 
311.524 804.535 0.698746 
318.781 794.932 0.719758 
275.768 768.581 0.761538 
215.812 818.904 0.761715 
199.107 814.075 0.754596 
220.565 780.556 0.717652 
