254.18 230.229 0.88176 
237.287 316.263 0.917968 
179.931 311.496 0.844089 
151.271 409.746 0.882218 
199.139 388.063 0.821298 
292.441 321.15 0.813352 
330.719 400.087 0.725815 
299.646 395.29 0.655419 
237.254 471.95 0.706732 
199.111 474.335 0.699215 
203.908 641.849 0.821082 
215.851 778.258 0.815596 
270.923 469.539 0.700029 
328.348 627.468 0.792972 
354.55 747.104 0.819421 
239.739 220.544 0.955107 
261.378 220.57 0.909833 
220.582 235.014 0.835963 
275.768 237.347 0.545991 
376.175 790.179 0.708891 
390.428 778.169 0.728204 
349.772 756.594 0.715734 
213.436 821.21 0.785998 
199.079 814.113 0.816491 
220.58 790.144 0.788764 
