254.146 220.634 0.944253 
237.353 306.787 0.89285 
180.033 297.281 0.890857 
160.731 404.924 0.871737 
201.508 357.099 0.820635 
294.722 313.964 0.895408 
313.949 409.654 0.800019 
299.571 385.756 0.711282 
237.393 467.046 0.740149 
201.464 467.16 0.723095 
218.165 639.366 0.847287 
215.901 775.886 0.822576 
273.258 464.665 0.694429 
316.368 622.733 0.857555 
318.749 754.229 0.837575 
237.486 213.469 0.912067 
261.282 213.418 0.864414 
218.262 223.028 0.836805 
275.687 223.021 0.430716 
337.957 797.35 0.725606 
352.276 790.185 0.76073 
311.546 759.033 0.790035 
213.476 821.242 0.78223 
199.095 814.112 0.80494 
218.325 787.728 0.732561 
