256.529 230.199 0.896003 
237.374 314.02 0.935122 
179.944 309.13 0.83067 
141.748 404.88 0.885363 
199.003 407.288 0.847543 
294.758 318.77 0.839805 
349.805 404.9 0.846172 
278.157 426.465 0.755899 
237.286 483.785 0.719701 
199.152 486.208 0.729179 
201.421 641.781 0.858171 
213.409 780.588 0.793785 
273.202 476.655 0.693137 
340.331 620.25 0.843973 
426.36 730.318 0.729064 
239.915 218.302 0.939422 
268.489 220.552 0.884889 
220.648 232.593 0.850267 
280.501 237.265 0.726976 
447.925 775.777 0.765138 
455.13 763.826 0.712512 
428.794 734.994 0.537742 
213.423 821.208 0.78776 
199.042 814.147 0.814461 
218.265 792.438 0.789403 
