242.145 237.292 0.929786 
242.238 297.132 0.898136 
198.996 299.575 0.833074 
201.567 333.111 0.903576 
230.201 278.026 0.831673 
294.746 292.442 0.872419 
330.683 359.461 0.796166 
304.392 337.872 0.689723 
256.479 467.097 0.712758 
237.441 467.098 0.691351 
275.781 620.174 0.860094 
249.365 778.216 0.714448 
273.285 467.127 0.620486 
301.984 625.127 0.77859 
239.716 775.742 0.733799 
225.464 223.105 0.88068 
251.697 220.644 0.904226 
201.443 237.403 0.860258 
258.996 223.11 0.0814304 
266.101 828.38 0.206839 
266.109 814.164 0.273467 
218.239 785.324 0.503797 
280.431 830.772 0.727733 
258.992 828.469 0.618862 
237.361 790.181 0.529308 
