244.549 237.332 0.925877 
239.757 297.303 0.900565 
196.736 297.339 0.857418 
218.175 333.192 0.902196 
256.455 278.074 0.903148 
280.53 297.266 0.832727 
328.353 371.489 0.847386 
313.909 328.277 0.776689 
256.498 467.173 0.740711 
235.025 467.112 0.694036 
292.345 622.69 0.815656 
242.168 778.155 0.76492 
275.742 469.504 0.691704 
306.801 627.437 0.753329 
246.922 775.837 0.53983 
230.181 225.453 0.866784 
254.115 220.707 0.924551 
201.577 239.743 0.888405 
0 0 0 
285.221 830.732 0.261964 
285.267 816.462 0.292096 
218.31 787.747 0.231736 
282.862 833.14 0.66199 
261.347 830.893 0.562863 
223.083 787.793 0.640771 
