246.945 237.465 0.918345 
237.417 299.62 0.891744 
196.752 297.267 0.876146 
220.681 335.584 0.882232 
258.926 278.184 0.897901 
275.742 302.026 0.796493 
330.647 383.338 0.798789 
316.412 333.186 0.826009 
258.854 469.521 0.732402 
234.958 469.529 0.678071 
290.075 622.701 0.812338 
244.58 775.857 0.729891 
282.831 469.518 0.656393 
299.701 625.12 0.731994 
237.476 775.793 0.650799 
232.592 232.555 0.870302 
256.44 223.052 0.923559 
203.898 239.852 0.842451 
0 0 0 
278.037 830.732 0.211787 
278.079 814.127 0.230555 
218.191 785.326 0.427475 
278.1 830.812 0.685266 
258.961 830.789 0.594717 
227.821 787.734 0.581062 
