254.108 256.57 0.942168 
246.95 318.841 0.834738 
203.889 318.717 0.871372 
230.224 371.287 0.855394 
256.402 313.879 0.858823 
294.713 328.288 0.81428 
333.022 402.503 0.834075 
304.405 359.478 0.736147 
244.563 488.71 0.704399 
220.556 488.629 0.70025 
275.746 617.817 0.864365 
258.982 797.36 0.729744 
275.553 491.085 0.700092 
316.329 639.492 0.865133 
237.427 775.732 0.809913 
237.361 251.688 0.920138 
258.834 242.137 0.956702 
215.787 258.95 0.807589 
270.895 244.585 0.0696756 
239.847 828.362 0.3626 
246.952 821.243 0.384139 
220.583 778.24 0.770437 
287.677 830.897 0.678614 
268.509 833.24 0.599861 
258.872 811.754 0.610665 
