251.776 244.594 0.871353 
239.871 313.841 0.9029 
201.411 299.577 0.875782 
225.461 345.067 0.801898 
266.108 294.684 0.845635 
278.15 318.84 0.789384 
333.145 397.681 0.870029 
316.461 349.889 0.827587 
258.984 481.45 0.721975 
237.399 481.451 0.70069 
280.426 627.425 0.807669 
275.571 792.503 0.683345 
285.226 481.433 0.650675 
302.02 629.829 0.782724 
239.724 775.729 0.83739 
237.279 237.515 0.982487 
256.6 237.27 0.950257 
208.677 251.709 0.769776 
266.09 239.687 0.0723417 
256.539 826.068 0.416635 
258.906 818.86 0.458127 
220.727 780.555 0.761802 
282.883 833.138 0.644099 
270.932 830.849 0.579463 
273.29 804.49 0.466293 
