256.409 261.396 0.917884 
242.166 335.591 0.909988 
194.349 333.053 0.845964 
206.343 388.089 0.831542 
234.997 316.419 0.76463 
294.923 345.087 0.844765 
316.314 438.406 0.708985 
335.546 467.175 0.0828956 
256.526 502.954 0.726052 
223.062 505.306 0.67035 
299.659 620.12 0.862728 
273.234 792.497 0.589961 
285.228 498.249 0.660742 
328.282 641.739 0.805715 
237.488 773.477 0.822388 
237.415 256.593 0.983142 
258.951 254.105 0.928324 
215.886 273.218 0.83015 
275.672 256.616 0.121699 
256.538 816.463 0.467514 
258.849 811.72 0.517835 
220.669 778.16 0.823078 
278.084 833.251 0.582914 
261.407 833.217 0.491019 
270.906 809.24 0.466873 
