256.526 261.279 0.959212 
239.872 333.207 0.949065 
191.901 318.838 0.818846 
201.418 373.751 0.918504 
232.625 316.495 0.807167 
294.757 345.067 0.804012 
313.903 431.18 0.888134 
311.519 371.442 0.695012 
258.886 486.233 0.759186 
227.825 488.687 0.671497 
306.744 603.46 0.828037 
275.605 763.852 0.598785 
292.378 481.497 0.703955 
316.363 639.332 0.732767 
239.747 773.324 0.807306 
239.734 256.451 0.966342 
261.358 251.739 0.869509 
218.341 266.074 0.85612 
277.979 258.843 0.282463 
263.76 814.04 0.378975 
270.866 809.302 0.445575 
220.698 778.239 0.777652 
292.427 818.891 0.570214 
275.75 816.487 0.504205 
275.576 785.395 0.36814 
