256.57 239.918 0.961883 
251.72 304.427 0.815476 
201.48 297.145 0.900247 
220.555 345.056 0.872736 
244.605 294.696 0.85303 
294.895 313.993 0.879859 
328.324 390.459 0.842599 
314.072 335.465 0.845063 
258.942 479.038 0.717904 
232.626 476.688 0.665069 
280.47 617.808 0.824558 
256.402 787.752 0.655286 
290.058 479.069 0.661069 
301.97 622.761 0.798986 
237.391 775.71 0.773812 
239.791 235.018 0.950253 
261.418 232.568 0.868416 
218.27 239.848 0.880461 
278.002 237.369 0.16774 
273.267 830.842 0.189827 
0 0 0 
218.261 782.977 0.621836 
282.893 833.17 0.708418 
266.077 833.258 0.597325 
242.18 797.304 0.48557 
