254.188 239.79 0.957098 
251.7 309.219 0.827462 
199.11 304.406 0.833572 
215.783 352.117 0.849165 
232.556 292.436 0.728861 
297.254 311.526 0.876697 
323.512 388.104 0.629762 
311.605 359.435 0.115568 
258.827 469.528 0.744854 
232.627 469.473 0.693609 
275.778 622.666 0.884177 
239.869 785.391 0.77144 
282.835 469.576 0.660315 
302.02 629.839 0.780892 
237.457 780.579 0.685997 
237.429 234.909 0.931984 
258.988 225.486 0.916618 
218.129 239.857 0.831377 
275.57 232.589 0.149626 
278.074 830.714 0.350594 
278.128 816.529 0.354575 
218.16 792.489 0.428729 
275.686 830.778 0.685635 
256.507 830.781 0.563707 
225.446 794.852 0.622378 
