256.478 278.019 0.981887 
256.471 335.58 0.91678 
203.958 340.268 0.821462 
218.312 380.954 0.864748 
225.394 328.294 0.775905 
299.632 333.192 0.870828 
333.062 402.495 0.838635 
313.843 364.169 0.79609 
242.198 500.583 0.69922 
220.694 493.472 0.692135 
275.697 624.991 0.872845 
242.13 787.736 0.726889 
263.744 505.317 0.640244 
323.531 658.544 0.815853 
237.374 775.891 0.699971 
239.69 270.866 0.929613 
259.07 263.704 0.9006 
218.199 278.116 0.850922 
275.766 270.847 0.138357 
246.972 828.347 0.185858 
0 0 0 
218.098 790.07 0.509321 
278.009 830.773 0.713414 
256.534 830.777 0.619867 
227.805 794.931 0.585895 
