256.629 242.27 0.929548 
244.64 299.663 0.835085 
203.905 297.157 0.886403 
220.78 340.328 0.84519 
256.505 292.427 0.873537 
292.427 313.863 0.787565 
330.726 385.733 0.833207 
314.002 335.53 0.873699 
251.767 471.863 0.722292 
220.713 471.854 0.715345 
280.488 603.415 0.86532 
258.89 780.542 0.697763 
278.02 471.901 0.728379 
309.173 622.651 0.81634 
237.363 773.479 0.817204 
239.883 237.355 0.954841 
263.77 235.003 0.874095 
220.536 242.15 0.858789 
278.089 239.708 0.179299 
278.057 830.713 0.225921 
0 0 0 
220.556 782.944 0.769545 
294.785 830.757 0.715611 
278.026 830.795 0.626092 
246.997 794.943 0.543049 
