256.508 211.098 0.903706 
256.457 275.751 0.93469 
199.192 290.017 0.838597 
199.148 368.919 0.889969 
182.373 409.609 0.891621 
309.195 261.327 0.836994 
314.035 335.469 0.843422 
313.94 402.493 0.892849 
254.116 433.672 0.691869 
218.341 431.299 0.73336 
242.159 579.509 0.821751 
218.27 756.681 0.662888 
282.85 438.38 0.655501 
280.43 605.88 0.751554 
251.76 771.002 0.703775 
239.782 201.444 0.957702 
263.758 199.082 0.895331 
220.626 215.763 0.843761 
278.181 201.609 0.598205 
278.062 825.978 0.544225 
280.499 814.051 0.63964 
237.481 778.224 0.49688 
225.445 804.518 0.318533 
206.286 797.309 0.293695 
215.778 775.769 0.391791 
