256.541 230.183 0.881122 
239.853 297.14 0.93811 
184.748 302.031 0.819025 
179.921 409.589 0.901112 
172.803 505.332 0.82374 
297.175 290.056 0.855694 
311.521 390.466 0.831818 
323.505 474.326 0.770298 
254.075 452.752 0.698485 
218.235 457.566 0.702223 
237.445 622.661 0.87124 
203.856 782.927 0.791248 
285.21 448.001 0.695851 
270.87 622.615 0.782986 
249.354 778.171 0.713299 
242.176 218.217 0.925996 
268.491 218.294 0.886761 
222.986 223.039 0.864587 
280.458 225.39 0.723463 
263.736 825.974 0.681464 
275.752 816.421 0.720169 
242.148 792.493 0.379934 
244.591 823.603 0.677334 
220.683 823.606 0.635455 
194.355 794.846 0.685721 
