256.532 218.356 0.958647 
242.267 282.882 0.844992 
196.626 297.12 0.858543 
182.494 392.967 0.892624 
175.127 486.281 0.849527 
297.23 275.564 0.891081 
316.332 371.328 0.863043 
337.903 464.719 0.864202 
254.113 440.794 0.700367 
218.246 447.888 0.751358 
234.989 610.65 0.810378 
211.105 766.221 0.721721 
285.279 433.676 0.687258 
273.245 620.339 0.817336 
258.85 775.861 0.822195 
239.906 206.286 0.891353 
268.495 206.256 0.835538 
220.721 218.183 0.867434 
280.43 218.116 0.610765 
261.303 818.826 0.696787 
278.057 814.015 0.743043 
254.072 790.102 0.674386 
234.972 811.63 0.684034 
213.427 806.909 0.599038 
203.892 775.746 0.598108 
