258.966 223.091 0.914425 
239.703 294.907 0.937134 
182.298 297.179 0.864526 
167.997 395.373 0.782446 
177.594 483.843 0.809048 
294.839 294.836 0.909309 
294.824 376.248 0.430429 
0 0 0 
256.424 450.33 0.726978 
220.629 452.716 0.707096 
242.181 622.658 0.849045 
203.962 778.248 0.796913 
287.61 447.924 0.687242 
270.925 629.838 0.747934 
254.059 785.333 0.721836 
251.712 215.791 0.871924 
275.566 218.275 0.925494 
223.122 218.351 0.867422 
280.513 232.555 0.457943 
263.704 825.98 0.659087 
275.75 816.419 0.725527 
244.559 794.9 0.471243 
239.83 821.252 0.732485 
220.573 818.903 0.70096 
196.725 792.468 0.712236 
