275.622 220.718 0.912597 
237.424 292.411 0.872586 
194.356 289.979 0.786681 
160.846 390.498 0.929862 
187.114 469.584 0.824905 
278.054 294.768 0.778502 
292.359 373.85 0.057746 
0 0 0 
256.456 455.181 0.677781 
223.056 455.187 0.637798 
244.622 622.599 0.82307 
203.941 773.475 0.835512 
282.818 455.163 0.639899 
263.76 627.396 0.748179 
256.585 775.743 0.778642 
259.017 211.113 0.881051 
278.064 213.48 0.804711 
230.213 218.186 0.792543 
0 0 0 
261.361 816.511 0.643067 
277.998 814.019 0.700405 
254.125 787.703 0.52367 
242.236 814.141 0.670471 
220.645 814.15 0.655092 
196.629 780.643 0.649907 
