275.558 218.282 0.805731 
235.027 278.064 0.842769 
203.956 278.148 0.843067 
160.885 383.346 0.885173 
187.203 459.893 0.773061 
258.989 277.979 0.759883 
0 0 0 
0 0 0 
254.077 450.397 0.665857 
223.11 450.399 0.625426 
239.72 622.686 0.863236 
208.637 775.857 0.815167 
275.753 450.397 0.69296 
258.909 625.016 0.822129 
251.76 775.831 0.749571 
259.038 203.957 0.783611 
0 0 0 
235.039 215.859 0.758451 
0 0 0 
268.536 821.258 0.589808 
278.008 814.064 0.651072 
246.95 790.106 0.411782 
246.973 816.425 0.672405 
223.049 814.166 0.652146 
196.748 790.106 0.735122 
