263.672 220.769 0.896404 
237.495 294.836 0.927334 
182.38 294.858 0.856327 
167.964 397.773 0.769117 
182.25 486.221 0.809819 
292.448 294.827 0.868555 
294.72 373.72 0.129856 
0 0 0 
254.173 457.516 0.696091 
220.577 457.567 0.690119 
242.228 622.732 0.842833 
206.244 778.149 0.816273 
285.271 452.794 0.669227 
270.868 634.593 0.762639 
256.5 780.541 0.771273 
256.434 213.411 0.896444 
275.732 218.198 0.94263 
230.18 218.303 0.834197 
280.546 230.242 0.237553 
258.997 821.207 0.732222 
275.733 814.109 0.793453 
251.733 792.558 0.561042 
239.719 818.875 0.744486 
218.263 816.547 0.701143 
199.029 790.138 0.713309 
