242.157 206.351 0.818023 
199.061 275.704 0.843059 
218.253 270.86 0.83226 
273.291 280.544 0.606768 
316.325 275.72 0.61483 
179.905 278.125 0.601689 
256.504 323.516 0.301952 
297.162 299.67 0.578388 
237.282 440.773 0.622264 
235.028 440.784 0.591628 
254.119 620.211 0.82233 
208.65 780.558 0.77161 
237.369 440.798 0.533951 
268.498 620.303 0.768988 
237.486 780.626 0.742773 
232.621 201.414 0.84341 
0 0 0 
203.877 218.177 0.802229 
0 0 0 
280.497 828.344 0.700003 
280.516 814.112 0.6867 
227.843 792.568 0.197223 
258.916 828.423 0.606781 
235.023 828.359 0.493389 
196.633 792.535 0.787592 
