234.922 263.691 0.879674 
223.075 325.897 0.726517 
239.708 316.413 0.873486 
335.548 311.601 0.878128 
299.588 239.822 0.869896 
208.713 328.325 0.540751 
220.716 419.253 0.0664209 
0 0 0 
194.284 507.761 0.652401 
182.413 507.845 0.680474 
268.52 639.286 0.790537 
206.336 785.355 0.764038 
199.157 507.757 0.58689 
278.026 636.999 0.789089 
237.461 787.746 0.705096 
215.812 263.675 0.872765 
230.224 254.08 0.860065 
191.913 289.999 0.757821 
0 0 0 
282.854 826.036 0.668592 
280.5 814.114 0.645644 
223.061 794.954 0.163276 
258.976 828.378 0.636795 
237.436 828.369 0.549587 
194.282 794.851 0.788325 
