237.376 261.307 0.91865 
232.623 318.807 0.664924 
256.467 314.053 0.883497 
304.393 409.644 0.847133 
330.699 335.534 0.876201 
208.699 321.182 0.428943 
0 0 0 
0 0 0 
208.708 502.944 0.602257 
201.438 505.293 0.639464 
270.866 634.559 0.777018 
206.332 780.624 0.777686 
218.264 502.952 0.525357 
294.734 636.983 0.820507 
239.714 780.587 0.743464 
218.304 259.053 0.940322 
237.356 249.327 0.9043 
199.101 280.534 0.740433 
0 0 0 
280.517 828.357 0.697778 
280.504 814.138 0.676698 
227.833 792.49 0.193598 
256.514 828.399 0.657545 
230.219 823.657 0.549669 
194.338 792.476 0.802284 
