237.272 266.064 0.886427 
225.444 323.577 0.729981 
251.696 316.251 0.854962 
337.975 354.769 0.842999 
316.365 278.098 0.872791 
203.898 330.717 0.513319 
309.151 357.032 0.19651 
316.273 285.298 0.0815676 
201.566 505.348 0.653409 
191.957 505.421 0.617616 
273.304 636.97 0.806987 
208.683 782.976 0.763179 
215.856 505.328 0.557144 
285.211 637.037 0.765031 
239.766 787.727 0.70892 
218.172 263.754 0.891408 
235.015 254.129 0.903625 
196.647 287.658 0.704421 
0 0 0 
282.91 828.352 0.667388 
282.849 814.175 0.643728 
225.458 794.915 0.166892 
258.99 828.407 0.624995 
239.735 828.37 0.535716 
194.349 792.564 0.77769 
