237.404 259.007 0.962365 
251.737 314.058 0.867816 
201.539 323.52 0.819187 
124.894 376.226 0.893337 
163.143 433.641 0.921598 
297.216 302.02 0.84234 
311.502 395.386 0.626996 
297.341 490.998 0.763836 
234.989 483.864 0.692618 
201.613 479.094 0.663441 
237.472 627.422 0.873071 
199.07 782.955 0.810504 
258.988 486.312 0.654827 
333.187 620.24 0.910119 
278.009 754.147 0.851124 
220.538 256.587 0.979098 
239.81 244.608 0.917556 
199.18 275.63 0.899397 
256.511 246.946 0.286593 
306.805 804.494 0.618101 
311.561 792.619 0.708076 
258.973 756.666 0.698383 
254.157 828.427 0.706807 
230.221 828.441 0.633157 
182.392 794.861 0.767974 
