237.442 259.052 0.958837 
251.729 316.432 0.86304 
199.075 333.145 0.850752 
108.213 373.803 0.866993 
143.99 409.704 0.934336 
299.648 302.052 0.816574 
316.428 393.029 0.775974 
299.702 486.303 0.781991 
237.406 483.828 0.703581 
206.306 479.098 0.638869 
237.363 629.866 0.856574 
196.652 785.364 0.781922 
263.726 486.238 0.640992 
335.529 620.182 0.898679 
292.37 754.337 0.851744 
220.583 256.599 0.985107 
239.884 246.965 0.896938 
201.4 275.59 0.901698 
256.572 249.355 0.307791 
337.904 809.224 0.64101 
337.942 794.904 0.643646 
273.269 763.816 0.786807 
254.107 828.417 0.679854 
230.19 828.448 0.593329 
179.997 794.937 0.764097 
