237.394 258.89 0.966802 
246.956 313.854 0.811067 
208.682 316.253 0.827799 
143.968 388.062 0.899769 
191.919 450.37 0.882088 
287.633 304.418 0.736791 
299.66 395.302 0.369363 
301.976 488.581 0.398942 
235.04 486.302 0.639283 
208.686 488.579 0.615351 
239.893 627.478 0.826775 
201.451 782.953 0.799196 
258.927 488.617 0.580825 
330.64 622.662 0.866356 
256.493 761.481 0.66194 
218.345 256.495 0.969805 
239.781 242.236 0.939766 
199.163 275.595 0.884327 
256.486 242.157 0.218706 
297.17 814.128 0.668969 
297.23 806.909 0.652931 
239.755 771.033 0.419102 
254.139 826.039 0.689081 
227.847 826.067 0.640265 
184.769 792.609 0.735817 
