237.371 258.851 0.963767 
237.383 316.301 0.660302 
239.885 316.263 0.853429 
225.432 414.47 0.833727 
306.754 407.325 0.846858 
227.816 314.051 0.501665 
237.41 404.896 0.150074 
299.679 392.96 0.202008 
218.328 498.209 0.668067 
206.261 500.601 0.629991 
261.294 632.171 0.809782 
203.978 783.007 0.788049 
234.919 498.174 0.57258 
297.28 639.307 0.856807 
237.479 775.861 0.823846 
218.306 256.629 0.972979 
237.423 242.197 0.951505 
199.141 277.999 0.811791 
246.936 237.512 0.124849 
280.516 826.03 0.690584 
280.502 814.114 0.675452 
227.834 785.393 0.238039 
256.542 826.028 0.61549 
225.46 821.237 0.555555 
194.314 792.577 0.804265 
