237.403 256.548 0.966488 
246.978 313.89 0.732232 
237.275 313.983 0.87726 
201.462 411.992 0.951028 
294.78 431.257 0.8844 
259.013 311.534 0.689785 
254.136 402.487 0.160103 
311.537 426.378 0.198482 
223.007 491.049 0.672444 
208.669 491.056 0.634884 
258.966 629.809 0.832227 
203.92 782.943 0.789967 
239.752 491.031 0.626426 
302.009 639.263 0.83321 
239.865 775.786 0.813891 
218.338 256.51 0.96718 
237.494 239.881 0.960466 
201.446 277.997 0.856713 
251.744 237.478 0.139701 
280.488 828.38 0.689672 
280.515 814.171 0.67126 
234.975 780.633 0.303152 
256.575 826.035 0.616864 
225.455 818.877 0.55724 
194.274 792.561 0.781657 
