258.934 261.294 0.942037 
246.979 335.415 0.882659 
194.311 335.588 0.830064 
187.191 436.017 0.795094 
223.036 507.702 0.798375 
299.625 333.097 0.862032 
407.311 378.569 0.833921 
349.828 354.622 0.796334 
285.265 488.584 0.716807 
254.159 500.602 0.695412 
165.572 620.289 0.872955 
187.175 775.888 0.795394 
316.397 476.66 0.695311 
316.248 639.28 0.883625 
325.957 780.592 0.75048 
246.99 254.113 0.871808 
273.307 254.114 0.900656 
230.231 258.963 0.820756 
287.643 258.965 0.719969 
328.326 828.375 0.74648 
342.656 818.83 0.717196 
318.773 790.152 0.635305 
141.647 830.73 0.669211 
139.262 816.482 0.609655 
203.875 790.178 0.706567 
