258.957 258.839 0.964573 
251.773 333.195 0.890927 
199.027 337.864 0.853644 
199.128 443.151 0.812946 
223.113 500.625 0.680999 
302.024 333.021 0.846945 
395.383 388.085 0.848843 
340.266 409.675 0.859865 
287.67 486.314 0.713743 
256.479 500.588 0.723835 
172.773 620.318 0.844111 
196.643 780.547 0.780788 
316.472 474.27 0.682219 
316.387 639.298 0.868616 
332.979 780.616 0.782778 
244.623 246.973 0.855605 
273.266 244.575 0.871765 
227.811 256.591 0.848041 
285.208 256.544 0.69434 
333.042 828.426 0.772934 
347.503 818.845 0.713941 
323.526 792.428 0.627265 
141.661 828.474 0.685259 
141.605 816.434 0.624384 
208.704 794.856 0.689223 
