256.471 270.85 0.893434 
242.234 335.495 0.915839 
194.326 332.979 0.827291 
160.925 428.89 0.941034 
201.562 505.392 0.882587 
297.17 345.043 0.834107 
330.733 431.129 0.906993 
366.629 385.744 0.796455 
266.147 488.656 0.692286 
234.938 495.791 0.678338 
163.292 627.485 0.818014 
163.318 780.612 0.808281 
299.616 486.2 0.708332 
323.54 653.699 0.790719 
321.182 778.233 0.786846 
239.824 258.86 0.954796 
263.76 256.573 0.900168 
220.761 266.078 0.802739 
280.475 261.285 0.761575 
330.738 828.425 0.75996 
342.704 816.523 0.711346 
316.272 790.141 0.720328 
144.117 828.379 0.733404 
136.877 816.441 0.700216 
177.601 792.6 0.70302 
