258.946 268.475 0.89633 
242.252 335.56 0.903953 
191.921 335.557 0.831568 
179.972 436.022 0.882893 
218.194 505.41 0.821125 
297.276 337.854 0.863163 
392.97 376.155 0.903386 
354.733 318.783 0.846272 
280.436 486.183 0.73635 
247.008 493.472 0.678515 
163.175 622.566 0.905413 
184.708 778.138 0.822899 
313.985 471.911 0.715299 
314.056 639.279 0.878695 
321.17 782.945 0.764986 
246.935 256.56 0.915504 
273.26 256.527 0.92002 
225.492 263.689 0.786214 
287.599 261.342 0.68617 
328.269 828.425 0.737936 
340.291 818.868 0.714619 
316.345 792.441 0.716531 
141.675 830.734 0.647927 
139.282 816.475 0.601097 
201.499 790.177 0.736539 
