256.628 270.925 0.913361 
239.895 335.445 0.92716 
191.93 333.103 0.830992 
163.307 431.173 0.922396 
206.287 503.04 0.800361 
294.77 337.896 0.834307 
371.341 397.775 0.887302 
359.476 352.353 0.858612 
275.677 486.245 0.730532 
239.785 493.453 0.686984 
163.216 625.067 0.863147 
179.927 787.709 0.815972 
309.187 476.668 0.66652 
318.717 641.826 0.848715 
323.505 780.538 0.775941 
242.193 258.875 0.928467 
270.839 256.62 0.898602 
223.102 266.15 0.773958 
282.874 261.365 0.684997 
328.351 828.39 0.752035 
340.318 816.53 0.720708 
316.383 790.146 0.705085 
141.671 830.853 0.695804 
136.922 818.892 0.618442 
194.296 795.005 0.70549 
