256.477 242.219 0.915915 
246.964 297.272 0.842271 
199.065 316.264 0.866954 
184.745 412.061 0.832622 
199.168 488.657 0.772716 
297.228 278.17 0.880767 
345.08 366.562 0.800681 
316.4 438.394 0.857335 
256.455 459.921 0.696582 
220.628 467.037 0.706739 
187.2 629.789 0.760377 
163.24 783.006 0.787043 
287.661 452.766 0.663506 
311.591 641.784 0.837683 
333.045 775.891 0.850324 
242.142 232.63 0.900429 
270.826 235.007 0.865105 
223.12 237.337 0.816733 
282.873 237.494 0.69578 
335.512 823.617 0.734317 
352.196 814.071 0.754148 
323.557 787.725 0.654365 
163.194 826.045 0.801453 
146.482 816.505 0.765361 
163.315 792.564 0.652091 
