275.595 251.689 0.880934 
242.202 294.706 0.883232 
194.271 294.87 0.825382 
158.453 392.847 0.898783 
215.824 450.457 0.878072 
297.2 285.292 0.836664 
340.342 364.167 0.790059 
325.945 416.899 0.819992 
266.09 452.807 0.668626 
235.003 457.562 0.683002 
220.652 625.094 0.860749 
182.304 778.168 0.835648 
297.316 450.359 0.702765 
316.394 629.853 0.837974 
335.534 775.769 0.838945 
266.093 235.004 0.873631 
289.998 239.872 0.865632 
242.205 230.248 0.79476 
297.321 249.377 0.484213 
347.435 818.863 0.667763 
357.099 811.733 0.68368 
332.999 782.969 0.733389 
196.738 825.995 0.752879 
179.95 816.53 0.722863 
177.557 787.739 0.671709 
