251.784 235.034 0.767057 
254.13 333.018 0.881791 
201.44 333.037 0.849996 
182.316 433.629 0.904969 
220.594 526.934 0.872686 
299.62 333.022 0.846016 
306.742 431.123 0.820787 
304.429 524.567 0.834428 
227.859 510.174 0.689521 
196.665 507.857 0.679628 
211.036 644.227 0.800398 
189.553 778.251 0.772313 
258.989 510.199 0.727477 
345.03 620.291 0.861907 
318.821 773.44 0.809791 
234.972 230.18 0.733964 
244.604 220.684 0.3209 
213.427 256.495 0.776376 
0 0 0 
371.352 828.446 0.636031 
371.348 814.123 0.664634 
304.347 785.351 0.759601 
201.507 828.344 0.765097 
182.455 818.913 0.708005 
184.781 790.091 0.659583 
