223.037 261.317 0.904196 
242.146 335.488 0.902301 
199.122 345.058 0.830515 
201.48 450.343 0.87058 
225.407 541.202 0.808924 
292.446 330.629 0.815845 
297.322 419.222 0.78201 
297.275 507.851 0.912783 
220.748 507.817 0.71729 
194.271 507.801 0.668355 
218.216 648.951 0.832955 
196.687 780.574 0.791279 
256.433 510.181 0.687301 
352.231 620.125 0.891137 
332.975 773.326 0.805263 
203.911 261.382 0.906756 
220.694 254.056 0.89311 
189.509 292.471 0.824326 
0 0 0 
373.783 828.427 0.59376 
373.742 814.117 0.615254 
313.853 785.335 0.741371 
208.674 826.058 0.746704 
191.895 821.231 0.683438 
191.894 792.433 0.648474 
