223.067 263.684 0.875911 
242.253 349.771 0.839278 
199.115 354.6 0.865695 
201.499 462.349 0.842782 
223.089 548.465 0.810753 
294.877 335.536 0.875106 
299.638 436.054 0.753158 
309.137 538.856 0.806161 
218.269 519.729 0.718279 
187.139 517.35 0.66996 
218.228 651.334 0.830883 
196.721 782.978 0.789147 
246.94 522.121 0.677099 
349.897 620.141 0.870188 
330.66 773.445 0.809522 
203.918 266.079 0.879064 
220.701 254.166 0.904652 
189.544 294.819 0.823329 
0 0 0 
371.392 828.393 0.577244 
371.447 814.063 0.628047 
311.53 785.374 0.734193 
208.668 828.445 0.725644 
189.575 823.665 0.661309 
191.907 792.512 0.643427 
