223.044 263.713 0.875351 
244.547 349.866 0.848249 
199.155 354.618 0.865603 
201.475 467.021 0.882506 
223.112 555.649 0.794052 
294.898 337.876 0.845495 
299.673 438.387 0.75382 
311.487 538.847 0.817109 
218.174 522.129 0.713759 
182.452 519.728 0.697039 
218.208 648.946 0.832308 
196.696 780.562 0.794617 
244.588 524.523 0.695046 
349.86 620.141 0.865717 
330.654 773.416 0.815777 
203.891 266.112 0.881398 
220.695 254.185 0.908915 
189.55 294.83 0.824085 
0 0 0 
368.975 828.392 0.549718 
371.362 814.066 0.620999 
311.554 785.326 0.756191 
206.322 828.382 0.737789 
189.521 821.278 0.673444 
191.93 790.173 0.644004 
