223.044 261.343 0.890851 
244.532 352.225 0.864439 
199.09 354.739 0.838623 
201.468 469.415 0.867369 
223.069 562.759 0.853641 
297.14 342.652 0.818254 
302.054 445.604 0.743293 
313.821 543.57 0.875538 
213.458 524.509 0.714652 
182.282 522.182 0.729831 
218.248 646.582 0.833906 
196.663 780.544 0.785706 
239.857 526.897 0.740173 
347.455 617.858 0.844193 
330.617 773.389 0.814638 
203.879 263.766 0.886404 
220.604 254.122 0.889848 
191.916 294.903 0.815489 
0 0 0 
371.324 828.437 0.569011 
371.394 814.086 0.613903 
311.531 782.996 0.777276 
203.963 828.359 0.756835 
187.162 821.239 0.693782 
191.907 790.146 0.636352 
