222.999 258.92 0.931502 
242.191 330.731 0.871343 
199.205 335.557 0.883792 
201.456 440.814 0.829331 
225.45 527.055 0.80003 
292.431 316.444 0.844759 
297.285 412.067 0.811836 
297.164 505.323 0.928486 
227.799 507.876 0.700455 
196.747 507.827 0.702789 
218.21 646.57 0.838878 
196.713 780.602 0.790875 
258.922 510.232 0.7186 
352.345 620.154 0.909703 
333.032 773.318 0.810662 
203.886 258.915 0.931678 
220.675 244.624 0.884203 
187.205 285.252 0.801544 
0 0 0 
373.818 828.439 0.601545 
373.786 814.133 0.621581 
313.917 782.97 0.745785 
208.707 826.037 0.74623 
191.933 818.913 0.690821 
191.905 792.469 0.656789 
