220.635 251.748 0.904946 
239.787 316.333 0.945636 
198.995 325.964 0.835495 
199.038 426.442 0.875142 
225.388 514.994 0.787156 
285.223 306.824 0.794536 
297.218 397.683 0.756212 
294.867 488.555 0.917576 
234.939 505.396 0.702039 
199.143 505.338 0.709232 
218.197 641.898 0.843729 
199.036 780.585 0.812021 
261.387 505.444 0.707926 
352.25 620.117 0.901761 
333.12 773.32 0.833008 
201.531 254.064 0.912146 
220.58 237.403 0.961876 
184.819 275.759 0.872714 
0 0 0 
378.551 828.396 0.588892 
376.226 814.072 0.61523 
314.01 783.002 0.76545 
213.409 823.672 0.779624 
196.658 818.848 0.733903 
196.633 792.495 0.689432 
