218.297 242.196 0.927709 
237.416 309.144 0.908401 
194.326 316.449 0.840483 
194.321 414.489 0.822946 
225.407 505.278 0.826974 
280.48 294.803 0.861205 
297.187 388.068 0.7501 
292.443 476.693 0.835861 
230.198 495.793 0.671826 
199.076 495.821 0.695285 
218.175 639.393 0.861286 
201.422 780.537 0.81282 
258.955 495.808 0.716557 
342.635 617.862 0.840316 
333.099 773.335 0.828345 
199.193 242.152 0.943934 
218.271 232.604 0.902463 
182.297 268.497 0.831076 
0 0 0 
376.182 826.077 0.586431 
376.233 814.014 0.634924 
314.001 785.379 0.767648 
215.791 826.073 0.748488 
199.02 818.913 0.706962 
199.088 792.452 0.683136 
