223.027 259.045 0.914962 
242.215 333.046 0.88757 
201.405 335.632 0.871422 
201.507 445.529 0.845776 
225.413 534.067 0.781983 
292.469 318.84 0.816026 
297.295 414.435 0.795999 
297.209 507.721 0.930766 
223.106 507.868 0.703735 
196.661 507.846 0.688715 
218.208 646.58 0.838387 
196.702 780.576 0.79432 
256.593 512.543 0.699666 
352.326 620.137 0.902267 
332.974 773.298 0.813531 
203.901 259.064 0.919217 
220.688 249.387 0.880605 
189.548 290.056 0.802346 
0 0 0 
373.791 828.423 0.605494 
373.745 814.119 0.624325 
313.876 782.933 0.774146 
208.713 826.027 0.751324 
191.941 818.906 0.696013 
191.891 792.443 0.655778 
