218.172 234.96 0.915272 
234.968 294.875 0.911458 
187.119 306.811 0.790792 
184.715 407.256 0.879277 
222.994 488.724 0.850653 
277.968 280.44 0.866073 
294.733 371.409 0.740708 
287.679 452.809 0.807243 
223.042 486.279 0.702508 
196.642 488.655 0.67764 
213.42 639.327 0.825291 
201.534 778.212 0.817404 
256.508 486.231 0.703888 
330.636 617.891 0.85804 
333.063 773.435 0.792262 
199.041 234.916 0.900651 
218.192 218.342 0.947852 
180.033 256.612 0.918717 
0 0 0 
383.359 828.343 0.563467 
383.32 814.077 0.583135 
314.035 790.179 0.74397 
215.862 825.985 0.755884 
199.08 816.545 0.730454 
201.505 790.152 0.674825 
