215.852 223.021 0.910939 
225.488 282.902 0.81639 
184.733 294.873 0.853343 
182.277 392.887 0.91661 
218.333 474.253 0.84642 
270.925 275.603 0.832048 
292.431 357.081 0.703209 
282.899 440.765 0.773888 
220.691 474.303 0.700452 
191.967 479.079 0.643344 
206.294 632.225 0.786947 
201.585 778.226 0.799079 
254.128 471.942 0.685786 
314.045 613.092 0.877636 
314.03 771.03 0.840718 
196.739 220.707 0.925111 
215.898 213.438 0.881727 
177.544 244.536 0.840172 
0 0 0 
366.567 821.291 0.610559 
369.013 811.683 0.66279 
297.224 782.953 0.81364 
218.188 825.983 0.711129 
199.143 818.845 0.681725 
201.594 790.169 0.647845 
