215.823 220.677 0.930625 
227.815 278.203 0.852312 
184.843 292.43 0.818706 
180.065 390.569 0.925781 
220.577 469.556 0.880874 
270.855 273.212 0.809267 
285.223 354.569 0.711652 
282.835 431.236 0.837124 
220.678 471.872 0.726702 
194.272 471.93 0.661434 
206.279 632.18 0.788122 
201.628 778.161 0.801534 
254.112 471.862 0.700215 
311.53 613.106 0.833187 
299.599 773.306 0.824945 
196.708 220.587 0.93965 
215.839 208.675 0.86738 
177.524 242.199 0.864651 
0 0 0 
349.795 816.489 0.608822 
352.229 809.238 0.661902 
287.599 780.623 0.782229 
218.28 821.295 0.716475 
201.433 816.515 0.692137 
203.89 790.109 0.645875 
