215.877 225.416 0.888098 
230.23 290.019 0.823321 
187.137 297.29 0.83853 
182.37 395.39 0.877735 
220.571 481.443 0.83935 
273.272 275.681 0.856056 
294.722 364.224 0.672594 
282.871 450.268 0.823537 
220.716 474.324 0.693724 
194.309 479.099 0.647862 
206.314 634.624 0.793999 
201.562 778.221 0.808624 
254.132 471.949 0.676738 
316.369 617.776 0.89113 
328.293 773.412 0.790074 
198.968 223.06 0.904826 
215.894 215.838 0.896641 
177.582 249.374 0.81659 
0 0 0 
371.435 821.281 0.543717 
376.156 811.646 0.600746 
313.841 790.087 0.788355 
218.151 823.619 0.718946 
199.1 816.519 0.698509 
201.588 790.153 0.65663 
