220.558 203.933 0.939795 
234.945 270.846 0.832021 
201.472 275.638 0.867389 
182.327 371.375 0.938571 
223.129 433.603 0.847813 
261.348 259.003 0.844827 
268.465 335.563 0.39225 
292.471 393.007 0.593917 
239.795 450.419 0.741459 
215.859 452.735 0.704166 
222.999 620.267 0.84891 
213.445 780.588 0.743968 
268.52 450.348 0.698953 
258.936 625.055 0.812021 
244.54 775.821 0.744129 
201.494 201.597 0.957483 
220.589 194.345 0.914707 
182.277 225.422 0.857929 
0 0 0 
278.095 823.663 0.586151 
280.519 811.753 0.665459 
237.477 792.484 0.472586 
235.009 828.354 0.719809 
215.799 826.014 0.646483 
206.238 792.612 0.645477 
