218.174 208.662 0.905492 
230.178 273.255 0.834325 
194.328 277.998 0.844621 
180.018 376.202 0.90332 
223.019 450.473 0.834481 
263.733 259.012 0.828733 
280.426 335.587 0.586646 
294.715 409.59 0.705994 
235.009 450.39 0.679462 
201.617 452.755 0.652794 
218.282 622.657 0.842697 
215.784 792.542 0.732921 
259.029 450.351 0.693362 
275.702 620.157 0.848101 
251.754 790.073 0.692837 
199.067 203.966 0.917292 
218.238 196.745 0.933808 
179.87 230.194 0.819251 
0 0 0 
285.237 830.766 0.681331 
292.356 818.837 0.707311 
239.707 802.14 0.443916 
232.619 828.395 0.654448 
215.806 828.349 0.628583 
206.289 802.129 0.561583 
