223.057 201.584 0.93289 
237.332 266.075 0.834793 
206.333 270.854 0.793733 
182.484 371.268 0.89903 
254.181 416.844 0.836957 
259.05 258.968 0.816707 
270.895 347.475 0.134961 
294.873 388.187 0.229481 
242.253 452.764 0.693518 
220.682 455.145 0.690285 
239.787 622.607 0.853552 
215.867 778.22 0.788202 
270.847 450.397 0.647095 
259.048 625.024 0.795913 
242.246 782.952 0.655504 
206.297 201.42 0.914918 
225.478 191.954 0.83938 
187.158 220.667 0.869928 
0 0 0 
287.636 830.732 0.619006 
290.005 816.474 0.621214 
237.313 799.713 0.294656 
237.381 828.441 0.648235 
218.248 826.037 0.595434 
201.602 792.457 0.615461 
