237.492 206.315 0.918144 
223.02 273.314 0.711991 
225.439 270.868 0.817389 
261.336 371.476 0.862393 
316.342 313.989 0.930562 
220.613 275.59 0.60257 
266.124 354.676 0.184135 
0 0 0 
249.315 450.326 0.64161 
239.768 450.393 0.670845 
258.991 620.12 0.821138 
235.019 785.361 0.717796 
258.872 447.987 0.590677 
254.122 620.139 0.72323 
232.583 778.205 0.555206 
220.547 201.584 0.957958 
239.743 196.722 0.915584 
196.698 225.393 0.823793 
0 0 0 
294.732 828.344 0.242234 
294.792 816.457 0.243293 
206.297 797.298 0.292104 
292.367 828.365 0.637637 
273.307 830.773 0.544394 
218.246 797.369 0.638638 
