239.691 218.249 0.961378 
222.997 278.018 0.855703 
237.449 273.246 0.88916 
273.284 373.769 0.8687 
316.384 316.335 0.915313 
206.315 280.502 0.713187 
256.502 371.358 0.13595 
0 0 0 
239.744 450.312 0.665141 
246.97 450.387 0.645958 
278.075 622.613 0.870588 
234.948 783.008 0.697396 
230.231 447.934 0.529673 
246.992 622.693 0.781869 
237.28 780.578 0.635117 
220.609 215.887 0.924809 
239.737 201.615 0.932399 
199.073 237.336 0.806176 
0 0 0 
294.851 828.413 0.47691 
294.784 816.514 0.410085 
213.439 797.291 0.273749 
280.459 830.74 0.5497 
268.517 830.841 0.456754 
218.168 795.02 0.642076 
