234.998 215.879 0.917183 
230.195 278.081 0.736128 
232.642 278.102 0.871641 
258.976 373.893 0.866809 
313.858 316.273 0.879294 
225.423 275.762 0.635981 
273.303 357.067 0.183726 
309.167 313.928 0.299549 
242.232 452.746 0.606116 
239.872 455.127 0.651844 
273.213 620.289 0.828651 
234.983 780.538 0.70662 
249.359 450.368 0.49357 
249.343 622.551 0.752707 
237.277 778.188 0.568177 
215.888 213.484 0.887225 
234.999 201.421 0.933202 
194.282 235.013 0.811267 
0 0 0 
297.234 828.415 0.418051 
297.211 816.519 0.374127 
211.075 794.902 0.262163 
290.067 828.435 0.535063 
275.662 830.784 0.443423 
218.236 794.903 0.655537 
