225.445 215.801 0.870008 
246.986 285.293 0.810406 
220.68 294.795 0.880204 
258.972 390.509 0.912306 
294.83 330.699 0.793955 
275.645 278.092 0.819626 
309.126 368.96 0.763538 
335.467 316.343 0.912453 
254.12 443.178 0.703533 
237.484 443.214 0.71896 
256.521 613.07 0.810681 
232.573 775.894 0.753616 
263.763 443.162 0.632457 
259.016 610.683 0.610521 
237.421 775.836 0.453448 
208.681 213.487 0.855952 
225.398 199.187 0.906226 
189.522 235.034 0.83923 
0 0 0 
290.06 826.066 0.253773 
292.457 814.152 0.273909 
203.986 792.419 0.155563 
290.046 826.054 0.642015 
270.884 830.714 0.509905 
215.827 792.443 0.667941 
