225.48 218.249 0.920089 
239.787 290.071 0.859264 
220.553 294.856 0.890361 
256.459 392.909 0.887753 
275.561 330.745 0.810099 
258.99 282.85 0.759887 
309.124 373.734 0.775514 
332.968 325.952 0.836186 
246.972 462.284 0.663343 
237.425 462.336 0.708995 
256.424 620.272 0.837868 
230.199 785.365 0.706701 
258.897 459.942 0.629118 
258.893 620.262 0.697668 
230.237 778.237 0.520069 
208.675 218.11 0.883404 
227.808 201.593 0.884008 
187.123 237.313 0.864621 
0 0 0 
294.746 825.999 0.261199 
294.842 814.136 0.283389 
201.425 792.514 0.283214 
292.375 826.046 0.659591 
273.258 830.755 0.564695 
213.407 795.042 0.635943 
