239.768 215.805 0.316305 
218.261 275.785 0.71095 
223.027 275.709 0.868617 
280.492 373.741 0.886529 
316.472 313.865 0.895797 
208.681 278.042 0.574539 
266.137 366.622 0.182137 
0 0 0 
239.871 447.931 0.61935 
237.454 447.985 0.590339 
242.177 622.603 0.822058 
227.801 787.747 0.715678 
246.966 447.948 0.534557 
256.601 622.642 0.781047 
227.856 780.595 0.619263 
234.955 203.872 0.356121 
0 0 0 
218.187 218.154 0.689627 
0 0 0 
294.812 823.647 0.382308 
294.82 814.128 0.386955 
201.426 792.626 0.333478 
285.259 826.025 0.611586 
270.87 830.735 0.519753 
211.045 797.353 0.597762 
