242.22 199.118 0.82258 
237.356 285.235 0.800913 
220.586 282.853 0.838584 
270.871 385.733 0.797462 
309.165 309.149 0.828859 
251.728 282.888 0.704966 
297.243 378.579 0.634066 
328.265 333.053 0.745452 
239.89 464.664 0.700047 
227.818 464.647 0.645432 
244.613 620.159 0.800111 
225.444 785.394 0.716486 
258.854 464.684 0.668193 
270.828 620.295 0.791462 
235.022 778.217 0.663667 
234.913 194.293 0.770271 
0 0 0 
215.802 215.788 0.766716 
0 0 0 
294.779 823.682 0.445308 
294.8 814.151 0.44867 
201.568 794.85 0.2781 
285.245 826.053 0.607939 
268.513 830.76 0.511488 
211.026 797.322 0.64773 
