242.178 211.089 0.600694 
218.336 275.763 0.775677 
225.391 275.653 0.865779 
280.559 373.759 0.871211 
316.482 313.922 0.903578 
208.72 278.067 0.632475 
263.736 366.615 0.186772 
297.294 313.945 0.0744657 
242.247 435.985 0.623555 
239.861 438.397 0.612298 
242.191 622.585 0.819706 
227.822 787.726 0.714388 
246.998 435.978 0.550294 
256.536 622.638 0.776909 
230.223 780.629 0.622402 
237.289 201.571 0.648352 
0 0 0 
218.14 218.185 0.753546 
0 0 0 
294.784 823.638 0.406872 
294.82 814.138 0.417817 
201.451 794.856 0.324803 
285.262 826.01 0.597331 
268.513 830.736 0.507203 
211.061 797.336 0.594562 
