237.341 199.166 0.973667 
220.709 270.903 0.697686 
223.06 270.84 0.841631 
277.994 371.432 0.873372 
314.072 297.318 0.898215 
218.285 270.869 0.561014 
258.923 366.575 0.130955 
0 0 0 
239.848 447.976 0.637292 
237.336 447.977 0.623877 
239.718 617.87 0.836233 
227.789 785.338 0.679696 
251.764 447.996 0.561206 
256.447 620.24 0.791205 
227.816 780.577 0.593128 
218.257 199.131 0.976373 
232.595 187.129 0.655948 
196.701 220.688 0.854557 
0 0 0 
294.774 826.024 0.433167 
294.761 816.427 0.41336 
201.442 794.878 0.350523 
282.86 828.348 0.585774 
270.907 830.753 0.491938 
211.061 797.334 0.561336 
