237.403 198.982 0.956696 
220.644 268.531 0.808308 
234.935 259.051 0.865529 
278.006 371.479 0.870324 
316.362 309.195 0.859772 
206.275 275.585 0.687877 
234.992 357.031 0.173441 
254.096 390.46 0.295323 
239.828 447.942 0.656801 
237.386 448.01 0.611596 
239.766 615.495 0.81 
223.015 780.597 0.74188 
249.371 447.963 0.543866 
258.896 620.165 0.782028 
237.413 778.236 0.654534 
218.333 196.666 0.941375 
234.974 182.428 0.807669 
198.972 220.533 0.862721 
0 0 0 
292.466 828.38 0.569796 
292.446 816.495 0.537089 
201.639 795.036 0.231266 
275.73 828.406 0.524635 
258.911 830.773 0.412559 
206.334 794.947 0.636632 
