237.252 201.491 0.95596 
237.305 278.055 0.843089 
220.625 275.748 0.875659 
263.706 373.744 0.836196 
306.736 297.306 0.83078 
246.976 278.008 0.73498 
297.157 371.352 0.697334 
318.83 316.297 0.753032 
242.205 445.604 0.66908 
237.308 447.929 0.676825 
239.737 610.643 0.805448 
225.445 780.602 0.682972 
256.536 445.569 0.628716 
256.501 613.054 0.730587 
234.984 778.206 0.580044 
218.187 201.472 0.965992 
230.206 191.923 0.743844 
196.692 225.455 0.819688 
0 0 0 
294.814 826.007 0.470677 
294.775 814.166 0.454341 
201.485 794.862 0.265579 
282.881 826.064 0.542788 
270.918 830.747 0.466685 
208.696 794.998 0.585361 
