239.715 199.061 0.957743 
237.385 280.43 0.789505 
220.611 280.436 0.84154 
270.835 388.166 0.8234 
316.267 316.333 0.883482 
251.764 278.114 0.702864 
282.863 385.743 0.270217 
313.978 323.552 0.316207 
239.813 452.763 0.688775 
230.176 452.741 0.641422 
242.268 615.446 0.784084 
223.121 785.39 0.722191 
256.48 452.786 0.64892 
270.907 617.869 0.765676 
237.332 780.541 0.661689 
220.672 196.694 0.930464 
237.344 184.741 0.542177 
199.115 218.304 0.890994 
0 0 0 
294.83 828.365 0.498168 
294.819 816.474 0.47529 
201.626 794.868 0.229693 
280.514 828.419 0.576275 
266.132 830.806 0.455899 
208.671 797.296 0.641162 
