237.33 213.485 0.925946 
239.848 285.301 0.848369 
220.562 292.368 0.864036 
239.904 390.608 0.881563 
273.323 333.032 0.792753 
263.681 280.493 0.809072 
297.295 373.818 0.732985 
325.891 321.105 0.783542 
244.577 467.136 0.693823 
237.403 469.448 0.733318 
261.326 620.153 0.812718 
223.077 782.958 0.74427 
256.566 467.12 0.650733 
285.225 620.269 0.797484 
242.195 778.2 0.670978 
218.253 213.42 0.91789 
234.96 199.204 0.89573 
198.982 237.346 0.892774 
0 0 0 
294.899 823.636 0.604411 
297.149 814.118 0.615411 
220.653 792.576 0.158179 
278.095 826.003 0.502346 
254.159 828.428 0.43987 
208.663 794.966 0.704656 
