237.471 239.849 0.969435 
220.657 302.034 0.810542 
232.591 297.217 0.880809 
275.599 395.324 0.848984 
314.042 347.443 0.87106 
208.674 309.154 0.686999 
237.385 392.975 0.162982 
256.514 431.124 0.0972334 
249.339 483.823 0.648644 
256.458 483.878 0.685982 
357.072 574.826 0.794328 
237.295 641.83 0.821232 
239.841 481.493 0.554757 
292.416 632.188 0.660865 
239.784 773.372 0.809313 
220.573 237.502 0.965809 
239.682 230.171 0.892036 
199.099 258.873 0.884556 
0 0 0 
294.74 826.019 0.629523 
292.39 814.152 0.584532 
220.658 785.381 0.751846 
220.629 696.893 0.66818 
218.311 689.671 0.659206 
218.226 639.278 0.753076 
