237.489 239.749 0.981914 
220.604 304.389 0.755091 
223.097 299.612 0.868284 
270.923 409.729 0.74257 
313.906 342.695 0.803232 
215.801 304.423 0.620477 
268.484 409.629 0.216586 
309.133 354.677 0.0913612 
249.342 479.098 0.620826 
254.072 481.451 0.634878 
354.691 584.301 0.896052 
235.001 658.609 0.818542 
242.234 481.43 0.506218 
290.074 639.421 0.662226 
239.787 773.427 0.805458 
220.583 237.448 0.975725 
237.501 225.454 0.896754 
199.096 256.641 0.905449 
0 0 0 
294.79 825.997 0.636005 
292.389 814.145 0.583557 
220.618 787.718 0.741658 
225.412 713.573 0.558773 
220.725 703.971 0.595825 
215.853 656.115 0.710163 
