237.339 206.309 0.920879 
239.714 280.419 0.855693 
220.642 280.476 0.861286 
244.579 385.791 0.820504 
278.058 318.822 0.821716 
256.513 278.088 0.768256 
297.275 368.971 0.716366 
323.571 321.179 0.766571 
246.98 452.744 0.654293 
237.442 452.767 0.674302 
244.601 615.404 0.764245 
223.091 783.002 0.705934 
258.882 452.729 0.634356 
275.609 620.169 0.825538 
239.771 775.857 0.697651 
218.249 203.958 0.942413 
235.008 199.007 0.874197 
196.693 234.941 0.827566 
0 0 0 
297.157 821.222 0.563216 
297.167 814.055 0.575944 
206.295 794.885 0.218201 
285.246 825.991 0.456661 
263.703 830.723 0.381308 
208.7 797.313 0.644581 
