237.318 220.683 0.965745 
237.414 297.147 0.888012 
218.183 297.177 0.872191 
239.859 402.46 0.856247 
292.422 333.156 0.880356 
256.564 294.854 0.816701 
290.033 404.929 0.704256 
332.977 337.989 0.801909 
244.588 469.557 0.676076 
235.007 471.863 0.681473 
309.217 620.296 0.834673 
234.985 761.464 0.717192 
258.938 469.52 0.652749 
280.547 622.756 0.725362 
237.459 761.485 0.497155 
218.23 220.574 0.966614 
235.029 211.069 0.828687 
196.735 242.157 0.862088 
0 0 0 
292.396 823.64 0.272198 
292.424 811.752 0.287953 
201.65 771.004 0.163344 
294.807 821.229 0.65109 
278.041 823.664 0.554999 
213.476 773.324 0.632859 
