237.427 235.016 0.959508 
232.573 304.398 0.721588 
223.112 309.195 0.818449 
297.303 390.59 0.889696 
325.94 314.054 0.866943 
237.349 297.329 0.737789 
275.67 395.342 0.49677 
318.748 448.069 0.726067 
263.674 469.497 0.621968 
258.949 471.89 0.684185 
333.073 620.336 0.886065 
297.317 785.341 0.747833 
270.867 467.138 0.508716 
290.035 627.457 0.782406 
239.709 773.281 0.804447 
220.534 230.184 0.916778 
237.454 220.577 0.957201 
196.728 249.342 0.811148 
0 0 0 
273.328 814.16 0.661862 
266.118 811.695 0.530903 
220.68 782.976 0.717369 
335.576 833.219 0.597224 
316.393 830.851 0.563518 
290.014 794.946 0.732044 
