237.292 218.168 0.954549 
242.144 287.597 0.811144 
232.571 292.428 0.814202 
282.923 378.606 0.793545 
316.464 299.694 0.809072 
256.525 278.186 0.759627 
309.148 357.042 0.347787 
316.46 299.605 0.578953 
258.914 452.782 0.647348 
263.686 452.799 0.637988 
299.7 610.684 0.767392 
306.76 773.45 0.662894 
254.104 455.139 0.490801 
278.069 617.871 0.802525 
239.882 768.57 0.764227 
218.198 215.842 0.93321 
237.285 201.528 0.925394 
196.637 237.327 0.865854 
0 0 0 
280.466 814.085 0.702703 
273.301 811.602 0.613636 
223.031 775.866 0.71996 
325.943 816.428 0.364984 
325.905 814.033 0.412679 
297.224 790.159 0.584708 
