237.44 237.32 0.975987 
234.942 301.998 0.724212 
230.195 302.004 0.795048 
297.179 390.504 0.892614 
330.622 316.411 0.858904 
237.356 297.339 0.673801 
273.245 392.899 0.343463 
321.139 467.169 0.541321 
261.328 474.259 0.614469 
258.905 476.671 0.657894 
333.025 620.22 0.869789 
301.98 782.94 0.722101 
268.487 471.905 0.507714 
287.653 625.122 0.781326 
237.469 773.277 0.81909 
220.552 232.577 0.9234 
237.491 220.676 0.960032 
196.728 251.703 0.798317 
0 0 0 
275.647 816.435 0.708706 
268.529 811.65 0.577394 
220.609 782.957 0.724195 
337.904 835.581 0.58444 
316.434 833.181 0.562374 
292.449 794.866 0.736894 
