239.69 244.573 0.912947 
237.311 301.958 0.745696 
239.701 297.311 0.897975 
299.561 390.522 0.885447 
333.046 323.557 0.84622 
230.176 302.048 0.604898 
270.904 390.489 0.200165 
0 0 0 
258.971 481.474 0.629891 
258.884 483.874 0.65637 
333.002 622.64 0.858832 
299.638 785.364 0.740078 
261.324 481.475 0.490236 
302.032 629.81 0.739793 
239.809 773.307 0.814644 
220.65 239.858 0.952389 
239.727 234.975 0.930861 
198.991 258.977 0.831342 
0 0 0 
273.318 816.485 0.677637 
270.931 811.667 0.577626 
220.692 780.578 0.73333 
340.312 837.982 0.598905 
316.416 833.311 0.564763 
292.414 794.899 0.742251 
