237.492 237.487 0.971324 
232.62 301.969 0.71028 
237.364 297.35 0.887303 
299.561 390.47 0.875102 
330.645 318.817 0.84298 
225.45 302.027 0.597056 
268.515 388.158 0.308593 
280.469 426.368 0.458885 
259.002 481.425 0.640588 
258.909 483.826 0.658788 
330.667 620.278 0.853175 
306.805 787.713 0.707782 
263.685 479.079 0.509169 
282.907 632.203 0.76861 
237.48 773.295 0.820248 
220.608 237.252 0.949506 
239.693 223.061 0.931907 
198.983 256.395 0.822626 
0 0 0 
275.681 816.482 0.672108 
270.913 811.684 0.558126 
220.583 782.936 0.726403 
340.32 840.366 0.615031 
318.761 835.602 0.593296 
294.817 794.951 0.738518 
