254.059 256.581 0.928927 
254.159 325.941 0.825509 
239.731 330.738 0.89322 
311.524 407.309 0.860706 
318.849 330.64 0.78476 
263.713 318.792 0.765216 
328.321 380.96 0.496976 
325.933 328.306 0.574589 
256.462 488.698 0.736174 
242.166 488.728 0.720143 
313.903 629.804 0.805506 
294.718 792.508 0.817262 
261.387 488.707 0.647145 
330.62 641.84 0.798615 
239.802 773.474 0.827035 
234.998 256.413 0.917716 
251.778 242.153 0.872239 
208.648 275.539 0.835829 
0 0 0 
263.728 814.128 0.441929 
263.72 811.657 0.37262 
220.642 782.991 0.69702 
325.951 830.795 0.655586 
304.377 830.734 0.620566 
282.84 799.681 0.72143 
