254.06 256.582 0.928916 
254.158 325.942 0.824914 
239.731 330.737 0.892595 
311.526 407.308 0.86093 
318.85 330.644 0.785187 
263.711 318.792 0.765666 
328.321 380.958 0.494969 
325.933 328.303 0.570026 
256.461 488.68 0.740399 
242.163 488.707 0.724639 
313.893 627.481 0.80507 
294.721 792.51 0.818087 
261.384 488.691 0.652341 
330.623 641.829 0.800166 
239.806 773.47 0.827453 
234.999 256.411 0.917437 
251.781 242.154 0.872332 
208.648 275.537 0.83545 
0 0 0 
263.74 814.123 0.44338 
263.735 811.649 0.373183 
220.645 782.986 0.698309 
325.948 830.791 0.656046 
304.377 830.731 0.620101 
282.846 799.682 0.721992 
