246.92 215.873 0.88364 
249.341 278.025 0.874102 
208.663 277.978 0.841712 
237.469 361.822 0.881237 
256.51 278.126 0.84771 
287.677 278.03 0.860429 
316.489 373.705 0.88787 
352.284 304.424 0.850775 
268.5 440.797 0.658603 
239.792 440.8 0.673909 
266.107 615.435 0.784743 
218.352 761.394 0.797052 
294.859 443.134 0.690675 
280.561 620.261 0.787394 
261.301 773.293 0.787496 
232.612 203.879 0.896109 
254.181 201.437 0.962847 
201.63 218.235 0.908004 
0 0 0 
275.644 818.853 0.700465 
290.055 811.698 0.767868 
254.18 775.832 0.665786 
234.987 816.456 0.702052 
215.836 811.665 0.667268 
211.04 768.612 0.60743 
