247.008 223 0.883453 
244.628 285.264 0.81192 
201.525 282.874 0.831487 
225.43 371.379 0.869596 
239.727 285.285 0.790101 
292.414 287.611 0.811221 
314.054 376.23 0.854766 
354.544 316.399 0.888507 
268.52 445.589 0.674848 
239.682 447.92 0.706123 
258.981 622.612 0.862939 
218.126 759.082 0.80432 
297.166 445.565 0.702946 
280.454 627.47 0.765776 
275.626 775.761 0.795441 
234.913 218.132 0.920596 
256.5 211.114 0.910728 
201.589 223.049 0.867813 
263.734 218.156 0.0686164 
275.626 814.178 0.739826 
292.427 811.701 0.778615 
263.722 785.329 0.542845 
230.199 818.818 0.675048 
211.077 814.028 0.65485 
203.864 766.218 0.583743 
