249.347 220.656 0.902242 
256.451 287.656 0.841421 
230.188 285.262 0.786332 
292.379 371.359 0.838304 
299.681 292.368 0.851857 
278.006 287.662 0.796898 
323.548 373.922 0.770102 
349.799 313.975 0.859663 
258.834 457.569 0.736204 
239.784 457.502 0.699584 
275.609 615.418 0.807025 
282.863 790.172 0.688857 
275.734 459.937 0.689832 
299.658 622.616 0.82291 
239.738 775.698 0.797286 
234.916 218.273 0.931691 
251.724 208.67 0.851164 
206.335 237.268 0.844883 
0 0 0 
261.337 818.905 0.493349 
266.132 814.077 0.49553 
220.751 785.316 0.719284 
321.13 830.867 0.630366 
297.254 830.848 0.548337 
278.101 799.764 0.594989 
