242.162 199.151 0.934036 
239.709 263.677 0.903495 
182.424 259.011 0.892432 
182.477 340.314 0.856452 
215.761 258.989 0.807131 
297.19 268.521 0.846243 
309.169 373.746 0.874108 
354.666 330.663 0.82217 
237.443 431.241 0.755194 
201.579 433.579 0.715593 
218.182 610.671 0.807805 
215.862 771.005 0.803199 
273.223 431.17 0.718714 
258.997 608.263 0.809378 
275.761 759.085 0.799979 
232.543 187.121 0.861286 
256.508 182.486 0.935996 
215.768 199.093 0.833587 
275.72 194.33 0.826832 
275.706 811.752 0.80849 
294.749 804.522 0.726112 
275.563 770.989 0.613402 
218.293 816.545 0.738398 
201.562 814.021 0.688555 
218.221 775.773 0.715883 
