239.901 196.764 0.91401 
239.698 261.333 0.909256 
182.413 258.867 0.888892 
184.71 337.869 0.861118 
211.072 258.832 0.820349 
297.199 270.85 0.84871 
306.769 373.855 0.851137 
354.583 330.711 0.842736 
237.313 431.259 0.738869 
201.443 433.582 0.729253 
218.196 613.041 0.824519 
218.132 773.298 0.830249 
268.524 431.191 0.704974 
258.914 605.931 0.836381 
277.962 759.117 0.803315 
230.206 182.459 0.887608 
256.496 182.323 0.949414 
215.774 199.003 0.810736 
277.972 187.203 0.832682 
275.767 814.022 0.81075 
294.765 806.875 0.719437 
275.642 771.022 0.656133 
218.128 821.262 0.74888 
201.449 814.09 0.72448 
220.583 775.833 0.745702 
