239.761 256.546 0.967679 
237.456 337.888 0.916917 
182.294 335.607 0.867083 
153.607 443.129 0.822529 
105.855 493.414 0.859913 
294.895 337.923 0.790119 
311.517 445.523 0.861125 
371.286 459.928 0.83661 
225.436 488.609 0.771014 
196.68 488.593 0.754466 
199.141 639.282 0.850174 
208.696 775.894 0.806999 
258.958 488.676 0.800418 
223.102 620.273 0.90264 
280.479 737.595 0.837244 
232.573 242.186 0.877858 
256.45 242.249 0.889446 
218.288 256.574 0.474641 
275.724 258.879 0.800037 
275.725 797.285 0.793037 
294.741 790.158 0.699373 
294.759 739.963 0.719479 
215.884 818.859 0.771403 
199.141 814.136 0.787012 
218.141 787.754 0.743202 
