239.734 256.457 0.950585 
237.355 335.617 0.906558 
180.003 335.466 0.872312 
144.038 433.692 0.906538 
98.5881 471.863 0.833477 
294.826 340.268 0.789413 
304.417 447.894 0.884944 
361.853 483.802 0.831792 
230.225 488.678 0.750556 
199.077 488.616 0.79989 
201.494 639.336 0.851836 
213.468 775.899 0.811024 
259.05 491.057 0.763783 
220.74 615.479 0.876659 
278.219 718.322 0.862234 
232.556 239.83 0.904213 
256.47 242.168 0.914818 
218.244 254.063 0.406618 
275.778 256.639 0.831233 
275.748 773.386 0.800942 
294.75 761.424 0.693907 
292.421 718.379 0.728648 
215.857 816.551 0.803398 
199.155 814.09 0.814782 
218.312 787.758 0.781429 
