239.782 208.641 0.88796 
237.309 282.906 0.901218 
179.899 278.177 0.868642 
124.972 368.958 0.88527 
88.9913 335.448 0.882503 
294.719 292.39 0.847725 
302.05 390.58 0.876894 
364.169 414.556 0.812221 
237.398 445.5 0.765879 
201.575 445.533 0.745169 
213.457 613.095 0.781529 
213.405 771.005 0.779354 
270.888 443.176 0.702329 
239.838 584.304 0.91859 
277.965 682.492 0.822493 
230.166 199.036 0.895775 
256.396 199.111 0.928804 
213.486 203.904 0.789185 
270.921 206.325 0.787382 
278.003 737.482 0.82368 
294.79 730.312 0.69546 
278.139 689.603 0.56374 
218.203 816.481 0.773015 
201.448 814.018 0.750043 
215.82 775.869 0.690548 
