215.764 218.298 0.924932 
227.779 278.046 0.868202 
187.11 287.62 0.796736 
180.055 388.135 0.891107 
218.295 467.126 0.870354 
266.143 270.845 0.793828 
285.213 352.326 0.699224 
282.885 428.893 0.827737 
220.735 469.579 0.73787 
194.34 471.893 0.677368 
211.026 625.12 0.792243 
203.85 778.18 0.797785 
254.189 469.542 0.735581 
301.996 615.407 0.822272 
290.054 768.622 0.792619 
196.663 218.215 0.917342 
215.812 203.871 0.896465 
177.528 239.787 0.877637 
0 0 0 
333.033 823.619 0.620553 
335.446 811.715 0.688106 
275.543 778.152 0.810111 
218.315 825.988 0.736741 
201.464 818.83 0.694303 
203.915 790.103 0.648438 
