215.82 215.832 0.901311 
230.188 275.641 0.86419 
189.566 280.473 0.809408 
179.968 385.693 0.87915 
220.699 457.582 0.832422 
268.48 261.339 0.811758 
282.835 342.68 0.684675 
290.068 419.231 0.786909 
227.824 464.739 0.676416 
199.098 467.098 0.701744 
213.429 625.057 0.800786 
213.422 778.179 0.747167 
258.853 464.711 0.727269 
292.465 617.796 0.85271 
263.681 763.793 0.779087 
196.722 213.484 0.883508 
215.871 201.39 0.934248 
177.602 237.334 0.857774 
0 0 0 
287.612 816.527 0.648792 
297.201 811.587 0.768659 
254.098 773.371 0.739056 
225.406 821.237 0.709007 
206.28 816.479 0.701134 
213.423 787.727 0.6532 
