242.212 223.058 0.891528 
242.168 292.429 0.878794 
194.279 299.598 0.811278 
122.548 390.463 0.933914 
163.2 443.158 0.873114 
297.209 278.019 0.903733 
368.942 347.435 0.84239 
330.73 428.823 0.889047 
254.061 452.714 0.684376 
218.191 452.814 0.697039 
179.935 622.768 0.851327 
124.877 775.791 0.822367 
282.914 448.01 0.67567 
306.754 622.701 0.832322 
323.504 775.828 0.777812 
232.577 218.111 0.895495 
256.49 215.797 0.913386 
211.07 223.051 0.809228 
270.916 218.339 0.695109 
316.427 821.247 0.77426 
335.516 814.156 0.772255 
321.138 782.952 0.630475 
103.282 821.232 0.655198 
89.0563 813.998 0.614253 
127.321 790.134 0.666719 
