218.241 206.274 0.924657 
227.818 270.927 0.813199 
196.662 275.707 0.850484 
182.281 373.807 0.914738 
227.782 448.024 0.831584 
261.346 258.989 0.839538 
275.595 335.584 0.468578 
292.449 397.761 0.697294 
237.3 452.782 0.712856 
203.935 455.117 0.663781 
220.532 622.629 0.858651 
215.768 794.905 0.734826 
261.351 452.752 0.689238 
268.459 625.095 0.764438 
249.382 792.549 0.70579 
199.128 203.891 0.940923 
218.269 196.673 0.925911 
179.918 227.835 0.831465 
0 0 0 
287.629 830.776 0.701609 
290.048 818.851 0.695766 
239.748 809.253 0.409414 
239.788 828.449 0.558236 
220.601 828.471 0.567507 
203.928 809.264 0.566305 
