218.314 203.94 0.942011 
232.552 270.875 0.808967 
199.087 275.649 0.863325 
182.281 373.689 0.947524 
225.483 445.548 0.826077 
261.342 259.001 0.842701 
270.893 337.873 0.363877 
294.696 397.714 0.589222 
237.433 450.389 0.754346 
211.053 450.434 0.687986 
220.554 620.33 0.887806 
213.451 785.314 0.733953 
263.683 450.354 0.705789 
258.986 622.703 0.816822 
247.006 778.139 0.730104 
201.397 201.612 0.957838 
218.322 196.627 0.907346 
179.957 225.447 0.84173 
0 0 0 
275.703 826.038 0.644043 
280.505 814.041 0.731133 
239.753 792.579 0.52737 
234.964 826.066 0.723521 
213.478 826.012 0.659465 
206.3 794.903 0.638655 
