227.809 201.516 0.913473 
237.424 266.085 0.834912 
213.435 266.141 0.806466 
187.118 371.263 0.876385 
258.894 407.232 0.854015 
261.298 259.027 0.782702 
270.863 337.956 0.201865 
294.879 380.956 0.357968 
244.568 462.332 0.674568 
223.012 464.667 0.672315 
249.313 620.327 0.8088 
218.153 775.814 0.822923 
268.538 462.275 0.624348 
263.745 622.727 0.797568 
246.968 782.961 0.655555 
211.076 199.194 0.908176 
232.554 191.885 0.818665 
189.56 220.59 0.865069 
0 0 0 
287.648 830.744 0.62214 
289.999 816.511 0.640156 
237.431 797.373 0.305221 
239.807 826.062 0.677588 
218.317 821.265 0.6342 
203.866 785.394 0.633218 
