237.395 201.398 0.980075 
239.744 263.715 0.834531 
215.87 263.722 0.825703 
215.806 371.331 0.908272 
290.008 347.408 0.78813 
263.752 261.345 0.754109 
258.999 371.383 0.186023 
292.46 371.338 0.21975 
246.967 447.901 0.689318 
234.984 447.907 0.683797 
239.836 615.448 0.797664 
223.106 778.194 0.772827 
261.313 447.907 0.663369 
258.896 615.495 0.740209 
249.334 778.194 0.64334 
218.301 199.03 0.955309 
239.693 184.847 0.908907 
196.734 218.315 0.882047 
0 0 0 
294.753 830.718 0.629718 
294.861 816.525 0.602445 
230.245 790.171 0.16338 
273.227 825.99 0.538933 
244.62 823.664 0.480656 
215.86 792.513 0.707494 
