237.398 201.415 0.979194 
239.695 263.779 0.81948 
218.162 263.681 0.838974 
220.74 371.29 0.931606 
297.117 335.453 0.895624 
258.996 266.101 0.746112 
258.879 357.06 0.152835 
297.276 349.873 0.166936 
249.332 445.527 0.678322 
237.301 445.51 0.67532 
239.749 613.092 0.80642 
223.13 775.872 0.758847 
261.315 445.537 0.667848 
258.899 615.411 0.759967 
244.581 775.776 0.644505 
218.327 199.051 0.956783 
239.711 187.169 0.896452 
199.038 218.354 0.910037 
0 0 0 
294.816 828.408 0.609763 
294.869 816.468 0.582651 
225.439 787.761 0.167743 
273.252 821.225 0.50712 
242.198 816.519 0.455853 
215.887 792.447 0.676384 
