237.445 201.391 0.97636 
230.214 263.731 0.687417 
220.546 261.415 0.839223 
242.151 368.966 0.863838 
313.958 325.908 0.796027 
239.731 261.379 0.652802 
256.568 349.889 0.331727 
313.945 321.145 0.496925 
246.968 447.896 0.658767 
239.723 447.939 0.713042 
242.204 615.484 0.77907 
235.019 787.701 0.713426 
256.592 445.604 0.620491 
258.83 617.796 0.741988 
235.014 775.872 0.613591 
218.36 198.994 0.953987 
239.708 184.846 0.902416 
196.704 218.214 0.856828 
0 0 0 
292.392 823.656 0.261932 
292.435 814.066 0.276869 
208.684 792.5 0.264053 
290 826.005 0.650256 
270.904 828.463 0.547174 
218.285 797.334 0.612256 
