249.332 223.023 0.880769 
242.214 292.351 0.857912 
194.3 299.63 0.797019 
124.841 390.466 0.940988 
165.622 443.221 0.86476 
297.263 275.689 0.895919 
369.021 345.039 0.843313 
333.032 428.782 0.906332 
256.494 450.354 0.72292 
220.572 452.75 0.718973 
182.308 625 0.853783 
134.449 778.191 0.736216 
292.345 447.972 0.683429 
302.062 622.665 0.842644 
316.479 775.817 0.789468 
237.278 215.864 0.926794 
258.885 213.503 0.90715 
215.787 220.747 0.822923 
273.291 220.574 0.488238 
314.044 821.266 0.789187 
333.112 814.177 0.786011 
316.389 782.953 0.656655 
103.362 828.424 0.6835 
93.8025 814.164 0.620249 
141.601 794.889 0.606383 
