237.445 220.581 0.960756 
223.014 278.044 0.848037 
239.801 273.332 0.872647 
273.318 373.91 0.862112 
318.839 321.184 0.834242 
203.937 280.442 0.717591 
182.407 352.24 0.353701 
232.601 364.187 0.0588397 
239.831 450.376 0.640474 
251.702 450.444 0.61249 
282.853 622.74 0.823606 
234.907 782.951 0.715866 
234.96 448.011 0.533894 
254.113 622.752 0.787534 
237.424 780.6 0.631586 
220.543 218.272 0.954587 
239.682 206.258 0.899179 
199.058 237.486 0.824768 
0 0 0 
294.87 828.428 0.496802 
294.809 816.527 0.428786 
213.497 794.924 0.206896 
280.448 830.73 0.539468 
266.137 830.83 0.444873 
215.897 794.907 0.652249 
