237.261 218.16 0.941352 
227.818 275.775 0.73412 
237.257 275.655 0.868386 
266.136 376.162 0.79942 
316.396 314.044 0.92949 
220.596 278.03 0.653649 
258.977 361.792 0.1916 
290.03 311.534 0.124905 
244.591 450.36 0.600672 
249.342 452.722 0.618542 
275.743 620.261 0.868348 
234.954 780.618 0.687961 
242.208 447.983 0.4924 
251.736 622.588 0.767875 
237.296 778.244 0.618527 
218.158 215.826 0.923239 
237.289 201.518 0.939231 
194.343 237.278 0.84332 
0 0 0 
297.163 828.43 0.479709 
294.866 816.53 0.414793 
211.082 794.872 0.258506 
280.498 830.758 0.534158 
268.517 830.862 0.427573 
218.176 794.913 0.616592 
