234.902 218.133 0.909527 
239.758 290.006 0.835158 
225.435 290.053 0.823669 
258.972 383.337 0.865964 
297.131 313.928 0.894549 
254.104 289.975 0.72433 
294.913 385.743 0.707806 
328.324 325.905 0.797485 
249.313 448 0.685421 
239.747 450.318 0.746421 
258.91 620.184 0.82682 
234.999 780.587 0.72436 
256.588 447.973 0.648205 
261.397 620.144 0.621435 
237.302 778.18 0.509951 
215.801 215.831 0.892977 
234.914 201.451 0.918094 
191.962 237.298 0.842397 
0 0 0 
294.828 828.35 0.249941 
294.825 814.147 0.249635 
206.35 792.577 0.232025 
294.869 828.389 0.663942 
278.06 830.785 0.543657 
218.228 794.929 0.694886 
