232.618 218.251 0.927486 
244.625 292.409 0.830884 
223.109 297.207 0.856319 
258.905 392.908 0.876259 
278.131 321.162 0.742302 
268.508 280.482 0.748742 
299.605 383.338 0.761567 
333.053 316.457 0.89141 
246.96 459.893 0.645908 
237.32 459.942 0.674342 
256.568 620.147 0.840874 
235.019 780.612 0.714224 
258.973 457.536 0.600182 
259.008 617.9 0.671844 
234.978 780.552 0.541327 
213.497 218.135 0.899916 
234.909 201.589 0.89931 
191.941 237.488 0.861224 
0 0 0 
294.807 828.355 0.317583 
294.808 816.477 0.305455 
208.641 794.9 0.283438 
292.377 828.452 0.611239 
273.292 830.844 0.506869 
218.235 794.949 0.667217 
