225.465 213.408 0.854973 
242.211 285.217 0.833617 
220.623 289.995 0.837614 
263.752 388.182 0.842366 
306.788 316.28 0.818453 
268.486 278.189 0.772557 
297.278 373.737 0.716262 
330.632 316.492 0.804452 
249.364 450.403 0.702952 
237.366 450.379 0.738963 
256.493 617.867 0.839841 
230.211 778.234 0.717993 
261.32 450.427 0.662748 
258.975 617.889 0.723854 
237.348 778.149 0.553147 
208.676 211.034 0.848196 
225.422 199.069 0.899055 
187.169 234.991 0.825407 
0 0 0 
292.442 826.017 0.367887 
292.467 816.44 0.357211 
203.883 792.501 0.194751 
282.852 826.042 0.613087 
266.125 828.46 0.497309 
213.496 792.59 0.636316 
