225.463 215.791 0.864368 
225.445 278.177 0.693153 
223.076 278.181 0.847734 
278.11 388.128 0.846588 
316.317 311.478 0.870044 
227.797 278.041 0.578646 
278.077 383.377 0.181216 
263.707 395.346 0.310796 
254.082 457.501 0.653353 
239.774 455.146 0.672984 
256.56 622.565 0.858999 
225.418 782.997 0.724842 
261.375 457.546 0.596171 
263.674 622.609 0.747226 
237.364 778.214 0.607641 
208.667 213.417 0.848315 
225.412 199.184 0.907819 
187.13 235.046 0.822345 
0 0 0 
294.831 828.352 0.465218 
294.785 816.5 0.419089 
206.317 792.493 0.162164 
278.114 828.441 0.597126 
263.723 830.806 0.469592 
211.064 794.937 0.634037 
