225.468 215.891 0.881675 
220.69 278.018 0.723327 
220.731 278.018 0.893179 
268.513 388.076 0.76459 
311.528 304.373 0.824192 
220.608 275.736 0.571169 
254.134 371.432 0.122045 
0 0 0 
246.96 459.902 0.58169 
239.876 462.316 0.64052 
256.482 622.658 0.831855 
225.485 785.386 0.710175 
254.172 457.543 0.492005 
258.984 622.707 0.681538 
237.357 780.54 0.567317 
206.337 215.816 0.865178 
225.401 201.42 0.915042 
184.772 237.252 0.816658 
0 0 0 
294.794 826.038 0.393673 
294.79 816.464 0.373776 
203.984 792.492 0.17079 
282.826 828.4 0.618343 
266.132 830.802 0.506376 
211.093 794.99 0.621049 
