225.423 218.143 0.896178 
237.297 282.881 0.797374 
220.763 282.916 0.836395 
258.831 383.338 0.854129 
297.119 311.612 0.890006 
242.166 280.513 0.728616 
294.743 373.734 0.676527 
318.763 330.723 0.830893 
242.204 452.782 0.622744 
239.701 457.53 0.682412 
256.396 620.338 0.826489 
227.81 785.374 0.70213 
254.106 450.391 0.530557 
256.59 620.337 0.63139 
237.364 780.56 0.501386 
206.326 215.864 0.877375 
225.392 201.471 0.914079 
187.117 237.326 0.846802 
0 0 0 
294.856 828.342 0.385237 
294.858 816.478 0.356875 
203.92 792.55 0.166339 
282.896 828.431 0.606795 
270.866 830.809 0.491455 
211.104 794.99 0.619392 
