227.804 218.243 0.917075 
242.18 292.403 0.865627 
215.82 297.246 0.854935 
249.311 400.105 0.830308 
266.135 335.558 0.761811 
275.647 278.189 0.85228 
299.568 388.062 0.738723 
332.999 328.349 0.832738 
251.754 462.281 0.701322 
237.284 462.338 0.71029 
256.507 615.501 0.826303 
227.857 782.948 0.714379 
266.114 459.913 0.635919 
258.93 615.487 0.647786 
234.932 778.213 0.507809 
208.706 218.106 0.878052 
227.84 201.588 0.875407 
187.152 237.355 0.85835 
0 0 0 
292.462 825.991 0.252265 
294.838 814.12 0.279497 
201.515 792.466 0.230716 
292.41 826.045 0.649585 
273.268 830.736 0.541353 
213.399 794.918 0.643757 
