237.265 203.883 0.933214 
239.883 292.351 0.865597 
215.886 294.725 0.86171 
251.695 392.966 0.86824 
282.898 335.447 0.779749 
273.216 285.22 0.779212 
297.182 380.933 0.787473 
330.7 335.545 0.81503 
251.78 459.899 0.671309 
237.401 459.924 0.686197 
256.477 617.899 0.840309 
230.217 785.339 0.701133 
263.746 457.563 0.615435 
258.843 617.881 0.670515 
230.236 778.231 0.497224 
218.187 201.389 0.956551 
237.314 196.634 0.870726 
189.531 220.613 0.858439 
0 0 0 
292.466 823.667 0.222006 
294.877 814.069 0.255422 
201.43 792.47 0.266451 
292.462 826.007 0.669051 
273.314 830.727 0.572356 
213.422 795.013 0.616389 
