244.6 196.682 0.842137 
230.236 278.122 0.767217 
220.588 280.492 0.848218 
259.001 390.486 0.874497 
313.932 318.716 0.847891 
239.716 275.747 0.742241 
278.047 388.105 0.361226 
316.338 330.684 0.584118 
246.99 450.413 0.700253 
239.71 450.442 0.75414 
254.064 620.177 0.807564 
230.205 787.766 0.692356 
258.855 450.39 0.673319 
256.463 620.227 0.73138 
230.176 778.18 0.587438 
232.592 184.803 0.855415 
242.158 182.454 0.516311 
201.475 203.872 0.849925 
0 0 0 
294.81 823.677 0.290453 
294.854 814.119 0.301366 
201.467 792.46 0.309004 
290.042 826.048 0.637829 
273.265 830.774 0.542991 
213.42 797.343 0.586295 
