244.619 201.548 0.749622 
220.562 277.97 0.79928 
223.128 278.001 0.857801 
275.706 376.186 0.884477 
316.468 314.006 0.917368 
211.094 277.984 0.65652 
254.12 368.952 0.166719 
0 0 0 
246.932 450.335 0.631012 
239.832 450.4 0.673631 
242.269 622.578 0.797994 
227.834 787.737 0.702251 
254.154 450.319 0.549198 
256.495 622.657 0.76736 
230.226 780.547 0.631338 
237.379 198.987 0.751078 
0 0 0 
218.241 213.437 0.735975 
0 0 0 
294.818 823.665 0.38772 
294.835 814.145 0.390425 
201.5 792.562 0.317299 
287.615 826.042 0.600185 
270.884 830.769 0.51486 
211.077 797.351 0.591456 
