239.917 201.52 0.911499 
239.862 292.474 0.876595 
213.424 294.887 0.821318 
259.041 402.464 0.841927 
294.712 328.351 0.832228 
275.55 285.245 0.786375 
294.852 390.593 0.731083 
333.097 333.121 0.847908 
239.709 469.551 0.739359 
220.718 469.549 0.701079 
244.59 617.817 0.801229 
223.053 790.074 0.744107 
256.533 469.564 0.685825 
278.114 620.29 0.873792 
237.467 778.174 0.710755 
225.397 199.139 0.911387 
237.339 191.969 0.152937 
201.471 220.663 0.850852 
0 0 0 
294.744 826.047 0.51476 
294.781 816.451 0.500455 
206.365 792.6 0.193344 
280.469 828.417 0.600156 
263.698 830.838 0.460816 
208.648 797.338 0.661055 
