258.979 218.359 0.972856 
242.271 290.032 0.844755 
194.276 299.594 0.799649 
124.967 388.17 0.898528 
170.433 440.755 0.811634 
299.591 275.61 0.888161 
371.439 340.262 0.877502 
335.525 428.73 0.898994 
256.554 450.309 0.715914 
220.615 450.428 0.722914 
201.489 620.283 0.870258 
170.403 785.395 0.758728 
292.463 447.9 0.678038 
297.298 622.751 0.868392 
309.131 775.814 0.769098 
244.609 208.698 0.855103 
270.854 206.244 0.846187 
220.651 218.323 0.890039 
278.113 215.878 0.102732 
299.564 823.613 0.781388 
316.44 816.433 0.764299 
302.04 783.002 0.625251 
124.912 833.133 0.644094 
122.486 821.25 0.565587 
182.298 797.324 0.736676 
