237.309 203.85 0.952397 
239.764 280.456 0.850071 
220.59 278.068 0.885591 
256.573 376.186 0.886239 
297.144 309.219 0.863117 
258.938 282.831 0.749891 
297.329 368.922 0.732446 
325.962 321.148 0.777023 
246.977 447.945 0.703316 
237.365 447.945 0.737271 
239.778 615.491 0.812857 
227.819 782.935 0.672768 
258.952 447.964 0.683879 
261.288 617.896 0.778205 
234.935 775.881 0.651125 
218.201 201.6 0.949603 
234.904 194.336 0.817136 
196.673 232.541 0.817317 
0 0 0 
294.882 821.226 0.486035 
294.885 814.068 0.498715 
201.606 792.588 0.3212 
289.985 823.654 0.504523 
270.909 830.711 0.423897 
213.423 797.328 0.574598 
