237.466 237.329 0.966918 
223.087 302.012 0.674447 
220.649 299.64 0.855213 
256.592 409.679 0.836779 
304.402 347.457 0.773315 
230.219 301.983 0.543096 
282.889 412.123 0.570604 
313.96 354.743 0.624058 
244.557 486.233 0.610255 
239.801 488.613 0.669151 
347.454 601.046 0.851301 
223.108 696.715 0.779134 
254.08 483.879 0.521934 
289.976 639.298 0.733943 
239.749 775.765 0.790592 
220.587 234.98 0.940766 
237.458 220.691 0.948226 
199.109 256.416 0.853684 
0 0 0 
294.766 821.282 0.650387 
292.377 814.071 0.608158 
220.567 790.063 0.725782 
230.246 739.887 0.405074 
220.67 737.479 0.458371 
206.259 692.017 0.626911 
