237.292 218.168 0.954517 
242.141 287.596 0.810993 
232.572 292.433 0.814745 
282.917 378.593 0.794692 
316.464 301.959 0.80819 
256.52 278.179 0.76091 
309.147 357.028 0.350449 
316.471 299.613 0.579306 
258.913 452.77 0.648981 
261.4 452.776 0.640714 
299.697 610.671 0.768608 
306.755 773.442 0.661976 
254.106 455.124 0.491445 
278.077 617.863 0.800467 
239.878 768.575 0.764915 
218.198 215.842 0.933185 
237.285 201.528 0.925687 
196.637 237.326 0.865617 
0 0 0 
280.476 814.108 0.701697 
273.311 811.619 0.617908 
223.023 775.872 0.719955 
325.915 814.2 0.364719 
323.57 814.03 0.412977 
297.223 790.147 0.581771 
