237.45 242.162 0.93668 
230.233 302.044 0.724931 
237.443 297.275 0.919429 
302.047 388.084 0.839237 
328.326 325.911 0.809262 
220.615 309.2 0.640143 
261.367 392.909 0.208504 
292.371 440.772 0.125945 
258.915 483.857 0.657263 
256.565 486.31 0.682302 
325.943 620.234 0.830139 
309.195 785.364 0.711014 
263.688 481.457 0.503848 
285.258 634.589 0.771674 
239.699 773.318 0.825195 
220.58 239.705 0.965629 
237.495 232.55 0.912872 
196.654 258.827 0.840481 
0 0 0 
278.025 816.449 0.689918 
275.599 811.701 0.573964 
220.607 782.948 0.739733 
337.957 835.686 0.608568 
318.795 833.263 0.580682 
294.892 794.949 0.718262 
