239.69 247.006 0.910384 
237.354 306.823 0.71953 
237.454 304.373 0.860929 
297.246 392.955 0.92047 
332.995 318.821 0.86525 
235.011 304.422 0.608343 
275.629 404.886 0.266636 
294.82 431.257 0.121163 
258.988 481.485 0.642367 
256.615 483.883 0.672972 
333.002 622.746 0.849252 
297.217 787.698 0.78326 
266.075 481.48 0.520298 
311.576 629.857 0.724239 
239.745 773.362 0.840073 
220.633 242.151 0.941671 
239.732 235.044 0.937651 
198.982 259.012 0.819469 
0 0 0 
273.277 818.866 0.690446 
270.892 814.019 0.595888 
220.634 780.603 0.755156 
337.947 835.648 0.570007 
316.361 833.266 0.53625 
290.011 794.914 0.766654 
