239.755 254.119 0.932182 
237.48 316.383 0.692871 
239.687 316.348 0.911028 
299.585 404.881 0.837374 
330.703 323.55 0.827493 
237.354 316.317 0.556502 
275.699 402.493 0.161921 
0 0 0 
256.488 488.602 0.635599 
256.484 488.655 0.669709 
330.736 627.4 0.782771 
294.889 787.78 0.793 
254.15 488.614 0.461868 
318.752 634.603 0.711831 
239.758 773.405 0.829871 
220.711 249.333 0.894025 
239.779 237.478 0.972533 
199.099 268.485 0.802309 
0 0 0 
266.157 816.496 0.584223 
268.509 811.735 0.531148 
220.63 780.583 0.733295 
333.074 833.164 0.634383 
309.153 830.82 0.586126 
287.625 794.968 0.749006 
