254.152 263.72 0.891633 
254.123 333.213 0.836011 
239.771 335.519 0.886499 
311.618 414.556 0.857415 
325.916 337.881 0.823311 
261.297 330.739 0.77096 
313.953 402.499 0.305509 
321.15 335.438 0.27462 
256.453 493.475 0.674208 
247 495.822 0.669239 
318.827 636.995 0.804653 
292.441 792.458 0.804358 
258.987 495.79 0.549714 
323.523 641.74 0.710757 
239.734 773.474 0.831339 
237.299 259.061 0.935431 
254.046 254.173 0.850413 
208.68 280.442 0.819316 
0 0 0 
261.407 814.009 0.44174 
261.359 809.3 0.342028 
220.64 785.329 0.695141 
328.345 830.807 0.654735 
304.389 830.731 0.628644 
280.428 797.415 0.744537 
