254.059 244.582 0.875297 
254.177 313.949 0.880329 
237.442 316.363 0.900933 
309.186 393.052 0.812742 
316.361 316.438 0.813773 
266.15 309.128 0.752033 
318.729 390.45 0.553068 
323.508 316.324 0.732909 
256.615 476.65 0.733502 
242.164 476.68 0.690152 
297.218 622.556 0.853635 
294.871 792.46 0.749044 
273.229 474.31 0.663468 
318.757 641.697 0.810313 
239.777 773.429 0.837716 
235.02 239.899 0.920897 
251.786 234.994 0.854405 
208.666 258.961 0.841095 
0 0 0 
273.252 818.895 0.531797 
263.771 811.72 0.47953 
220.586 780.62 0.719097 
328.355 833.157 0.587515 
316.315 830.812 0.507799 
287.64 799.731 0.648508 
