249.339 215.849 0.876483 
244.631 275.681 0.868434 
223.015 275.634 0.868944 
275.724 357.008 0.858963 
294.753 280.469 0.902683 
270.831 275.705 0.799859 
332.97 371.294 0.849201 
349.849 294.898 0.878315 
258.886 452.726 0.72574 
237.465 450.42 0.701937 
275.558 608.343 0.804702 
270.858 792.519 0.653672 
278.138 452.763 0.660594 
297.125 620.321 0.871789 
237.44 775.725 0.768833 
234.911 203.986 0.87959 
254.109 201.424 0.941369 
203.936 220.641 0.874698 
0 0 0 
256.49 830.753 0.303716 
258.996 823.622 0.360846 
220.562 782.96 0.666531 
299.585 830.785 0.705223 
278.133 830.838 0.605168 
270.829 806.904 0.445606 
