246.974 237.388 0.911743 
242.182 297.124 0.910627 
199.005 294.854 0.865793 
218.161 385.723 0.859539 
232.596 313.99 0.779454 
292.462 297.245 0.891963 
313.988 390.625 0.8727 
357.096 335.456 0.871231 
266.09 452.811 0.680523 
237.324 455.15 0.694362 
256.517 636.927 0.842075 
218.151 773.29 0.81511 
297.15 452.783 0.710779 
278.179 639.447 0.805865 
278.004 778.176 0.768913 
234.934 225.437 0.883452 
256.525 220.708 0.956317 
203.859 237.337 0.846927 
268.507 225.476 0.158699 
275.713 814.178 0.710528 
294.757 811.724 0.740929 
270.916 790.172 0.5661 
227.8 818.897 0.70077 
211.036 814.123 0.670509 
208.697 775.862 0.607567 
