244.588 261.395 0.872745 
242.163 323.524 0.858471 
189.545 321.136 0.815008 
199.081 411.972 0.912522 
218.298 333.035 0.878542 
297.192 323.546 0.859447 
301.973 426.431 0.855672 
354.719 376.186 0.849376 
246.922 486.173 0.689431 
213.505 486.226 0.701372 
234.937 653.74 0.820102 
211.093 775.906 0.791525 
278.166 483.851 0.714354 
275.668 658.576 0.861374 
278.003 775.71 0.804475 
234.966 254.189 0.91713 
256.608 254.11 0.928948 
213.488 258.91 0.837442 
273.2 256.527 0.656199 
275.689 814.133 0.773019 
294.735 811.641 0.783216 
275.596 780.541 0.576013 
225.425 821.214 0.705021 
206.259 816.457 0.700487 
203.963 785.365 0.607285 
