242.271 254.097 0.872798 
239.91 313.824 0.888742 
187.133 313.856 0.843953 
191.972 400.125 0.810842 
218.272 316.453 0.88737 
297.252 313.885 0.891977 
299.695 412.139 0.852953 
354.559 371.324 0.860957 
242.221 469.519 0.730826 
211.106 471.868 0.696442 
223.11 641.826 0.822841 
213.414 775.724 0.782344 
278.018 469.449 0.765339 
273.207 641.856 0.799235 
275.707 773.421 0.811692 
232.644 239.769 0.916737 
256.58 237.501 0.953254 
213.476 251.705 0.797985 
273.316 242.184 0.721364 
275.655 814.123 0.773789 
292.472 811.59 0.773136 
273.255 778.201 0.58446 
223.084 816.489 0.715521 
203.931 814.047 0.716887 
206.301 780.6 0.602014 
