239.806 199.056 0.938313 
237.465 268.476 0.891013 
182.35 261.288 0.889851 
182.444 345.062 0.859049 
208.64 259.037 0.823346 
297.133 275.56 0.862432 
302.052 380.963 0.811872 
354.554 335.401 0.890496 
237.288 438.377 0.71516 
201.426 438.383 0.712109 
218.104 613.034 0.809751 
213.498 773.345 0.785238 
268.496 436.029 0.68577 
256.623 608.262 0.833484 
278.172 768.571 0.777197 
227.785 184.745 0.873898 
256.447 182.395 0.941861 
213.458 199.118 0.780558 
278.053 194.345 0.84409 
277.98 814.116 0.825663 
294.832 811.589 0.763552 
278.165 773.44 0.707439 
218.163 821.218 0.732265 
201.443 814.115 0.699033 
218.209 775.899 0.691267 
