239.785 201.456 0.948873 
237.439 275.725 0.929768 
182.329 270.902 0.857831 
182.437 354.647 0.881431 
213.416 266.099 0.752435 
294.809 280.503 0.84879 
304.435 390.62 0.869868 
349.778 345.048 0.792307 
237.251 447.973 0.753539 
199.214 450.286 0.7565 
215.831 617.858 0.832333 
213.46 775.752 0.796177 
266.109 447.934 0.707505 
256.52 608.314 0.827954 
282.906 766.197 0.733621 
225.482 191.887 0.842171 
256.453 189.534 0.899792 
211.063 201.6 0.760857 
278.038 201.585 0.863095 
278.053 814.108 0.798428 
297.158 809.325 0.75263 
287.629 773.378 0.630149 
218.18 821.219 0.748195 
201.46 814.145 0.734329 
218.165 782.934 0.699868 
