237.322 270.847 0.894821 
237.444 352.18 0.939137 
182.396 349.896 0.856002 
179.983 450.417 0.818424 
163.218 459.924 0.71827 
294.698 352.242 0.823271 
313.971 450.458 0.917843 
342.712 409.62 0.814371 
227.782 491.074 0.750534 
198.989 488.687 0.789021 
199.118 639.343 0.869327 
211.078 778.25 0.804853 
258.928 498.203 0.789038 
237.263 639.314 0.886214 
294.896 773.31 0.867083 
223.122 258.877 0.896583 
249.347 258.922 0.876169 
215.884 275.612 0.246097 
273.29 275.615 0.849813 
278.038 816.554 0.782937 
294.916 814.058 0.744849 
309.192 775.791 0.726748 
215.82 818.882 0.773063 
199.117 814.139 0.804111 
218.201 790.146 0.76809 
