270.874 220.682 0.904336 
239.786 292.372 0.904399 
184.755 299.583 0.83027 
122.508 388.173 0.915679 
163.214 438.397 0.884545 
297.127 277.992 0.909902 
366.607 345.094 0.817976 
330.698 428.774 0.883863 
251.773 455.147 0.673592 
218.214 462.325 0.68449 
254.128 622.581 0.834649 
275.74 792.514 0.82015 
282.816 450.354 0.664301 
280.451 625.103 0.77475 
263.78 794.945 0.551241 
256.494 215.789 0.931956 
275.68 211.106 0.895434 
225.433 220.685 0.830998 
0 0 0 
249.364 837.996 0.456566 
268.525 837.981 0.4359 
268.507 814.089 0.273058 
266.105 833.296 0.487427 
258.887 833.126 0.458735 
292.395 797.343 0.552366 
