239.752 256.409 0.942101 
234.994 335.459 0.900115 
179.881 333.157 0.85627 
134.493 428.689 0.852126 
86.6026 443.176 0.861788 
292.386 335.59 0.785576 
302.004 447.893 0.890986 
354.769 493.427 0.848577 
230.23 486.296 0.755671 
199.041 486.273 0.797451 
203.846 641.716 0.809108 
215.893 778.134 0.832133 
261.301 488.619 0.772436 
220.752 601.163 0.899685 
278.087 689.607 0.827287 
232.552 239.783 0.911758 
256.488 239.926 0.924323 
218.195 249.385 0.502991 
275.757 256.586 0.833977 
278.053 747.053 0.770203 
294.768 737.434 0.705742 
292.444 687.218 0.657507 
215.802 818.882 0.808052 
199.18 814.104 0.822889 
220.613 787.779 0.799576 
