239.73 249.342 0.896042 
234.9 332.98 0.865885 
177.539 325.947 0.799486 
124.841 412.205 0.876557 
84.1351 404.909 0.86086 
287.671 333.181 0.813131 
299.577 445.57 0.883721 
354.594 488.749 0.892784 
234.992 483.868 0.77928 
201.423 483.846 0.787194 
208.658 644.154 0.731643 
218.158 775.908 0.84002 
261.397 486.183 0.753073 
223.005 593.882 0.841817 
280.425 670.475 0.798263 
230.248 237.331 0.902068 
256.438 239.697 0.92899 
218.118 242.171 0.646054 
275.656 254.104 0.837953 
280.473 732.646 0.726319 
297.183 718.379 0.66246 
292.412 665.756 0.618603 
215.794 818.867 0.802349 
199.191 814.074 0.805507 
220.664 787.788 0.77152 
