239.731 249.342 0.895933 
234.901 332.98 0.866138 
177.54 325.945 0.799416 
124.842 412.203 0.8774 
84.1347 404.913 0.860819 
287.671 333.182 0.81262 
299.578 445.57 0.883262 
354.596 488.75 0.892382 
234.988 483.865 0.778378 
201.422 483.843 0.787223 
208.657 644.158 0.731065 
218.154 775.899 0.840021 
261.393 486.18 0.753267 
222.999 593.883 0.843286 
280.422 670.47 0.797904 
230.249 237.331 0.902055 
256.44 239.696 0.929426 
218.119 242.172 0.646052 
275.659 254.101 0.838278 
280.475 732.639 0.725104 
297.185 718.371 0.661001 
292.404 665.753 0.61775 
215.795 818.862 0.804701 
199.19 814.073 0.807105 
220.66 787.779 0.771821 
