239.721 239.705 0.956405 
232.637 316.496 0.864551 
177.492 314.011 0.838356 
120.16 393.03 0.847492 
84.1666 366.554 0.82857 
292.348 328.273 0.779947 
299.656 433.576 0.871164 
356.996 476.712 0.837895 
237.258 474.32 0.759494 
201.443 476.647 0.753914 
211.069 639.296 0.732715 
218.132 775.785 0.8384 
266.114 474.338 0.716128 
225.483 584.36 0.867494 
278.195 660.95 0.865015 
230.221 225.401 0.845372 
256.428 227.869 0.878725 
215.902 237.339 0.764145 
273.328 239.805 0.826174 
280.498 718.333 0.724474 
297.145 708.752 0.633338 
292.4 660.865 0.670059 
215.804 818.849 0.806099 
199.185 814.055 0.796892 
220.603 785.344 0.730731 
