270.872 223.033 0.878793 
237.413 292.474 0.918241 
180.022 299.683 0.84561 
110.626 390.393 0.849817 
160.821 445.499 0.892956 
294.802 278.087 0.903771 
361.869 347.463 0.809999 
325.973 428.864 0.866795 
251.709 455.124 0.668337 
218.261 464.658 0.688846 
266.146 622.655 0.797735 
313.872 787.703 0.771296 
278.183 448.015 0.69199 
275.726 622.678 0.844893 
266.109 773.415 0.74031 
256.505 218.131 0.953836 
275.628 215.8 0.899506 
225.397 222.995 0.829312 
0 0 0 
261.334 818.859 0.687906 
278.13 816.447 0.72863 
258.979 778.161 0.655159 
316.369 830.876 0.651269 
299.664 830.74 0.611519 
318.799 794.928 0.651214 
