239.723 220.759 0.947634 
239.873 290.043 0.879544 
182.422 294.806 0.85483 
105.859 373.779 0.921662 
163.146 431.267 0.925727 
299.619 280.453 0.835786 
373.879 349.883 0.874764 
316.274 388.182 0.90647 
244.596 447.956 0.690396 
213.448 450.325 0.690306 
179.904 625.084 0.861504 
151.217 773.33 0.796649 
278.13 445.565 0.703248 
282.891 625.034 0.820804 
294.696 780.606 0.772515 
225.396 213.446 0.863276 
254.104 211.074 0.865816 
208.717 220.548 0.792251 
270.908 218.171 0.805481 
285.23 818.88 0.758019 
302.029 814.174 0.774095 
292.355 792.462 0.610807 
112.962 814.072 0.684927 
105.778 804.499 0.669216 
160.855 780.632 0.714937 
