273.192 225.422 0.871104 
237.259 294.722 0.909061 
179.897 299.689 0.834977 
110.533 390.495 0.883297 
160.773 445.602 0.903749 
292.406 278.178 0.869869 
361.848 347.431 0.81221 
328.326 428.736 0.85988 
251.743 450.421 0.687069 
218.315 459.917 0.69511 
273.284 617.866 0.805889 
318.817 785.377 0.759163 
278.185 447.886 0.697811 
275.66 620.307 0.809781 
258.951 773.453 0.819843 
256.567 218.26 0.985336 
275.626 215.908 0.895921 
225.387 223.115 0.809808 
0 0 0 
256.479 821.281 0.736628 
273.262 816.532 0.73514 
256.508 778.143 0.665081 
328.283 833.259 0.775111 
313.916 830.829 0.755433 
333.165 792.544 0.652853 
