273.192 225.421 0.871046 
237.26 294.721 0.909095 
179.898 299.688 0.835355 
110.533 390.495 0.883329 
160.773 445.602 0.903696 
292.409 278.175 0.870673 
361.838 347.422 0.811871 
328.327 428.737 0.86076 
251.745 450.42 0.687013 
218.316 459.914 0.694841 
273.285 617.867 0.805874 
318.816 785.388 0.759804 
278.187 447.886 0.697319 
275.659 620.317 0.80982 
258.951 773.457 0.819064 
256.567 218.259 0.984988 
275.626 215.907 0.895967 
223.13 223.116 0.81052 
0 0 0 
256.488 821.282 0.736849 
273.271 816.532 0.736015 
256.505 778.148 0.663645 
328.292 833.262 0.776469 
313.922 830.833 0.756916 
333.158 792.557 0.652016 
