273.211 234.91 0.876872 
235.035 294.892 0.920877 
177.575 304.389 0.803732 
110.554 390.605 0.872223 
163.168 445.495 0.88848 
294.713 285.272 0.824905 
369.03 342.673 0.860307 
333.074 414.473 0.905764 
254.17 455.111 0.696187 
220.582 462.321 0.699679 
278.073 622.579 0.824465 
328.306 787.766 0.773687 
285.223 447.972 0.676553 
275.623 627.427 0.752294 
258.857 773.48 0.831394 
256.608 220.635 0.976712 
275.691 220.574 0.904091 
223.107 227.812 0.786608 
0 0 0 
254.107 823.627 0.687306 
266.115 818.816 0.683211 
254.15 778.217 0.604641 
328.348 833.233 0.819804 
313.971 830.765 0.784819 
335.616 792.571 0.683494 
