270.932 232.619 0.867803 
237.261 294.876 0.921185 
177.563 304.364 0.801242 
115.336 390.571 0.865016 
163.265 428.892 0.922555 
294.789 285.246 0.838861 
371.322 340.308 0.874032 
330.729 412.145 0.898162 
256.444 452.761 0.707172 
220.63 459.903 0.686544 
278.054 620.275 0.829853 
328.299 787.75 0.772918 
287.665 447.94 0.675146 
275.685 622.739 0.797505 
258.843 773.436 0.851601 
256.57 220.603 0.977872 
275.678 220.541 0.916191 
223.063 225.466 0.792636 
0 0 0 
249.344 823.611 0.705958 
263.709 818.826 0.715887 
256.427 775.91 0.646831 
328.344 833.246 0.817658 
313.97 830.766 0.778817 
337.861 792.536 0.683598 
