258.973 220.702 0.977682 
239.758 297.132 0.946573 
182.281 299.676 0.861267 
158.461 409.637 0.891014 
163.216 354.663 0.875293 
297.23 292.396 0.862049 
373.707 354.588 0.922542 
316.355 409.576 0.919237 
254.117 455.156 0.711667 
220.565 462.311 0.721584 
258.873 622.746 0.840161 
294.849 778.173 0.776525 
282.818 450.38 0.706711 
273.294 625.08 0.760106 
256.54 773.427 0.794983 
246.96 215.759 0.856313 
270.928 213.492 0.859257 
220.648 220.625 0.885486 
278.222 220.736 0.105795 
254.165 818.908 0.67771 
266.156 814.13 0.706874 
249.304 778.255 0.556429 
313.991 816.467 0.600318 
297.199 814.16 0.564814 
297.135 792.5 0.587617 
