256.513 237.405 0.961873 
251.685 313.886 0.864765 
198.987 311.606 0.838547 
163.199 395.305 0.886573 
172.779 316.281 0.821105 
306.816 313.855 0.832249 
371.273 390.593 0.903349 
297.339 433.627 0.836416 
251.718 479.07 0.718233 
218.212 481.437 0.741893 
239.888 622.585 0.846968 
251.703 785.381 0.749822 
280.502 476.714 0.726565 
268.52 637.016 0.765155 
251.701 778.231 0.701579 
239.824 223.128 0.914623 
263.766 223.07 0.855129 
220.535 237.466 0.882257 
278.089 237.446 0.468653 
239.732 828.447 0.520267 
256.492 828.333 0.556364 
242.161 794.882 0.309315 
251.761 828.409 0.576037 
237.439 823.652 0.613431 
256.438 797.299 0.474148 
