256.416 239.686 0.961412 
254.117 313.992 0.908975 
199.146 314.062 0.896265 
158.444 366.643 0.872141 
177.484 294.732 0.893836 
306.826 313.888 0.836879 
368.964 390.536 0.894395 
297.337 428.922 0.883056 
249.369 474.29 0.709698 
218.187 476.671 0.717958 
239.741 622.559 0.860152 
237.238 778.243 0.788632 
278.2 471.952 0.738573 
266.084 637.035 0.763802 
256.475 785.369 0.786916 
239.739 230.198 0.904509 
261.367 225.436 0.857609 
220.674 239.898 0.863826 
278.109 237.46 0.667268 
251.79 830.727 0.693872 
270.867 823.677 0.672681 
254.101 794.886 0.510501 
232.599 826.04 0.683017 
218.189 818.859 0.666128 
235.034 792.482 0.534554 
