256.54 201.39 0.955593 
256.503 263.744 0.900164 
201.475 259.023 0.879226 
170.421 168.015 0.812834 
194.336 84.1881 0.843185 
309.212 266.081 0.807901 
369.01 335.398 0.911215 
299.587 376.202 0.860992 
244.544 424.058 0.69558 
213.462 424.066 0.667125 
225.464 598.741 0.807963 
220.732 768.564 0.685355 
278.077 424.008 0.726622 
263.708 601.107 0.810182 
261.332 775.762 0.673071 
239.865 189.529 0.892608 
268.502 184.834 0.845384 
223.036 199.181 0.8714 
282.866 199.051 0.79066 
256.529 818.825 0.619794 
275.72 814.136 0.708265 
258.992 780.584 0.462129 
218.274 814.117 0.678229 
203.911 809.29 0.640983 
230.206 773.434 0.40793 
