256.567 199.127 0.945383 
256.56 258.978 0.925069 
201.56 256.544 0.858226 
194.294 146.514 0.799135 
182.417 62.7312 0.829235 
309.196 261.362 0.823961 
368.986 333.073 0.899002 
297.307 373.812 0.886062 
242.224 426.456 0.706209 
213.404 426.451 0.669728 
223.107 601.174 0.837407 
223.098 761.421 0.708798 
277.996 426.422 0.725962 
263.729 605.896 0.783355 
259.061 773.416 0.707092 
239.928 187.117 0.888077 
270.854 184.738 0.857608 
223.107 199.089 0.840768 
287.684 196.746 0.801458 
256.575 816.511 0.684314 
275.687 814.046 0.76087 
259.027 778.184 0.491805 
220.58 814.119 0.709208 
206.257 809.297 0.649063 
234.927 770.967 0.440945 
