259.008 225.451 0.882381 
258.873 282.889 0.894116 
208.649 278.076 0.84189 
213.48 165.588 0.82405 
201.523 69.8669 0.863036 
311.557 292.356 0.816107 
357.102 357.079 0.842347 
294.734 407.209 0.857861 
251.726 462.284 0.675502 
218.285 462.338 0.701837 
220.733 632.207 0.817618 
232.643 775.74 0.821233 
280.436 457.544 0.686159 
266.151 622.699 0.792624 
263.73 775.77 0.795967 
251.691 218.173 0.889591 
275.645 218.206 0.937085 
234.936 220.742 0.812788 
294.744 220.743 0.837204 
256.6 818.835 0.833545 
275.724 814.114 0.84926 
263.72 782.977 0.644873 
225.486 816.524 0.796305 
213.457 814.034 0.809169 
237.485 782.97 0.6424 
