259.002 223.058 0.906974 
258.889 280.427 0.902233 
208.653 275.758 0.828773 
208.661 163.202 0.83979 
201.476 67.5299 0.862922 
311.54 285.25 0.799327 
359.461 354.643 0.876244 
294.819 404.852 0.838075 
251.7 452.796 0.670064 
218.234 455.129 0.687821 
223.113 625.036 0.79879 
235.048 775.785 0.821362 
280.453 450.412 0.694013 
270.854 622.555 0.821888 
261.424 778.196 0.753525 
251.705 215.799 0.861407 
275.669 215.883 0.919093 
232.639 218.356 0.835508 
294.766 220.598 0.854936 
258.877 818.901 0.799927 
277.983 814.152 0.811334 
261.31 790.149 0.582845 
230.202 818.819 0.76758 
215.843 814.066 0.788342 
239.688 785.378 0.63648 
