259.031 220.617 0.939 
258.958 278.046 0.920343 
208.695 275.695 0.829499 
203.875 163.144 0.851417 
201.433 67.5431 0.777499 
311.524 278.163 0.844044 
364.169 352.186 0.872135 
297.179 395.39 0.843043 
251.779 450.307 0.694676 
218.262 450.349 0.706035 
225.41 625.113 0.78458 
237.304 775.712 0.814559 
282.849 447.957 0.68526 
273.324 620.25 0.851787 
268.54 773.43 0.756742 
251.738 208.719 0.841545 
275.655 211.036 0.881872 
234.998 218.217 0.823866 
294.761 218.275 0.83936 
258.919 816.465 0.814058 
278.029 814.014 0.799685 
268.479 780.597 0.583929 
234.972 816.496 0.764583 
218.236 814.036 0.772167 
239.775 783 0.58117 
