270.829 215.853 0.872535 
266.101 290.03 0.825807 
218.311 282.894 0.843837 
165.655 294.739 0.902886 
199.177 220.684 0.901061 
316.283 292.415 0.857093 
373.805 376.182 0.889446 
302.011 426.326 0.805523 
254.149 457.553 0.713234 
218.328 455.142 0.729558 
237.372 627.426 0.835864 
242.209 773.468 0.817301 
285.254 459.95 0.671363 
275.598 625.105 0.834566 
277.967 775.729 0.794244 
256.574 201.559 0.962838 
280.425 201.527 0.920949 
239.771 218.207 0.861047 
299.57 215.893 0.8175 
270.875 818.918 0.758748 
287.676 814.145 0.771437 
275.767 780.608 0.582629 
237.466 818.886 0.792761 
220.724 814.058 0.786409 
254.072 780.594 0.586592 
