275.547 268.513 0.881226 
273.228 354.588 0.896312 
220.617 349.789 0.825724 
179.917 431.146 0.908285 
201.397 354.745 0.847684 
321.193 357.104 0.798397 
380.932 438.413 0.809085 
314.012 469.395 0.895524 
256.452 505.411 0.814691 
220.572 502.924 0.793245 
237.37 639.443 0.887635 
246.975 773.47 0.8164 
290.007 507.841 0.759519 
275.634 644.201 0.845124 
278.043 775.691 0.840244 
258.975 258.852 0.951958 
285.243 258.84 0.885569 
242.257 275.663 0.747294 
302.045 275.605 0.802164 
273.264 816.534 0.786633 
292.358 814.063 0.800412 
278.105 780.608 0.620664 
242.148 816.532 0.82155 
227.779 814.021 0.789016 
256.435 780.62 0.618561 
