275.723 292.375 0.907878 
275.61 373.72 0.923104 
223.064 368.914 0.815583 
179.911 445.48 0.86512 
201.613 368.99 0.789003 
325.884 380.94 0.779192 
378.602 455.184 0.824247 
316.307 483.755 0.856883 
258.831 510.247 0.796251 
220.755 507.736 0.787499 
239.78 639.404 0.873466 
254.127 775.728 0.848419 
294.69 519.71 0.761712 
277.97 641.822 0.87451 
282.832 775.849 0.800459 
261.349 278.09 0.912693 
290.058 278.04 0.89745 
251.69 294.695 0.720414 
309.167 292.466 0.793664 
275.708 818.825 0.859756 
294.846 814.118 0.873335 
280.542 785.384 0.63598 
242.255 816.522 0.807055 
232.582 814.019 0.800909 
258.912 780.6 0.684869 
