278.046 278.042 0.955929 
275.585 357.05 0.912276 
218.321 354.691 0.904475 
196.634 464.692 0.856116 
182.457 397.733 0.818654 
330.636 359.43 0.7957 
383.364 431.323 0.870976 
330.617 474.256 0.826177 
256.601 507.753 0.818992 
220.645 505.421 0.799496 
239.684 641.732 0.86986 
256.54 773.479 0.873096 
294.72 510.142 0.781692 
275.739 641.78 0.887678 
290.006 773.393 0.813366 
266.146 266.155 0.834805 
294.687 266.151 0.869543 
254.138 278.094 0.799006 
311.602 278.134 0.816481 
278.075 816.501 0.859674 
297.156 814.019 0.853904 
292.378 778.241 0.653244 
251.756 816.467 0.815148 
237.346 811.774 0.830739 
261.327 780.543 0.61391 
