278.164 256.56 0.93779 
275.783 333.19 0.946387 
218.314 335.619 0.868161 
199.004 447.884 0.924738 
144.041 517.316 0.853708 
335.528 330.705 0.8435 
354.661 419.219 0.817334 
371.305 488.58 0.919409 
263.765 488.647 0.736063 
234.97 488.614 0.730656 
239.69 641.715 0.886007 
261.278 775.77 0.844273 
297.255 488.735 0.761536 
275.561 627.42 0.848106 
294.839 754.198 0.842692 
268.528 242.199 0.866743 
294.744 242.16 0.913343 
251.791 256.426 0.813153 
311.546 254.151 0.764253 
290.076 809.239 0.765004 
304.378 797.365 0.706974 
297.135 756.688 0.634178 
256.553 816.434 0.810296 
239.86 811.754 0.818315 
275.565 785.334 0.69438 
