277.976 220.66 0.94572 
275.63 299.619 0.913918 
218.297 301.992 0.854094 
199.151 412.12 0.880748 
191.922 505.424 0.875055 
330.706 297.295 0.837567 
364.248 392.962 0.85546 
397.783 471.941 0.838033 
278.211 462.349 0.729451 
244.619 464.745 0.711947 
259.012 620.138 0.84929 
273.258 754.227 0.806585 
314.073 459.932 0.733808 
302.063 620.136 0.771699 
311.491 775.725 0.762274 
261.416 208.672 0.851003 
292.417 208.695 0.859279 
246.927 218.249 0.778093 
309.162 218.334 0.7892 
299.627 814.125 0.771876 
321.139 811.733 0.760607 
309.163 782.982 0.536762 
273.26 809.278 0.757479 
256.54 797.386 0.705469 
275.702 759.014 0.625876 
