220.603 230.186 0.889218 
220.66 299.622 0.910897 
163.134 302.05 0.83022 
86.7696 388.071 0.882093 
141.577 450.296 0.940691 
280.512 297.211 0.852959 
359.428 359.433 0.824973 
306.779 428.875 0.868872 
225.385 455.171 0.68221 
191.952 459.934 0.65758 
151.26 632.186 0.773466 
100.971 778.157 0.804187 
258.987 452.737 0.711818 
292.415 622.728 0.871361 
313.944 778.207 0.783696 
206.327 218.245 0.905985 
234.968 218.237 0.915713 
191.917 225.451 0.74836 
254.055 222.999 0.788756 
311.548 818.899 0.746522 
328.344 814.125 0.76301 
311.607 790.117 0.597745 
86.6137 825.984 0.767335 
72.2849 814.151 0.739093 
101.022 790.182 0.636755 
