275.61 206.304 0.890693 
275.604 285.262 0.88489 
218.279 285.291 0.836746 
203.844 390.567 0.891885 
199.099 483.835 0.910241 
330.65 282.915 0.809388 
364.191 378.584 0.797696 
404.932 462.257 0.83651 
278.205 443.203 0.710254 
246.988 445.594 0.677616 
266.101 620.228 0.847044 
275.67 771.008 0.831802 
314.037 440.761 0.724249 
311.472 617.762 0.822944 
328.346 739.97 0.798965 
259.014 199.031 0.938085 
285.248 199.011 0.874837 
242.267 203.976 0.790923 
301.965 203.87 0.798372 
321.116 797.369 0.735781 
337.866 792.548 0.694201 
328.304 751.9 0.578655 
280.517 814.042 0.791477 
266.068 811.661 0.761931 
278.123 775.781 0.731413 
