218.315 230.225 0.889911 
218.319 299.648 0.91453 
160.852 302.064 0.823055 
86.6939 388.123 0.893076 
139.205 450.304 0.914942 
277.994 297.26 0.86524 
354.62 364.235 0.864513 
302.048 431.306 0.861009 
220.749 459.958 0.703726 
187.145 464.689 0.683072 
146.531 632.172 0.795006 
103.262 778.146 0.81906 
258.821 457.521 0.706802 
292.368 622.69 0.868848 
316.249 780.61 0.778657 
203.955 218.271 0.926595 
232.567 218.278 0.893076 
189.498 223.111 0.771509 
247.005 223.063 0.7838 
313.938 825.988 0.786585 
332.999 816.491 0.760317 
314.017 792.454 0.629417 
89.0735 823.645 0.765809 
79.4165 814.135 0.753237 
103.296 790.143 0.63005 
