278.087 242.137 0.931104 
282.89 316.312 0.861467 
239.825 323.529 0.805246 
220.588 428.707 0.934455 
198.985 526.936 0.858736 
330.723 309.19 0.81851 
347.412 412.04 0.834563 
333.116 505.433 0.888266 
275.728 486.188 0.710009 
239.859 483.878 0.705615 
239.889 637.041 0.844766 
230.257 775.825 0.779994 
311.494 486.258 0.665417 
316.451 656.102 0.880463 
388.126 775.714 0.82584 
266.133 235.005 0.872051 
294.691 235.006 0.893289 
251.763 246.945 0.758141 
311.607 244.548 0.761922 
383.352 818.869 0.754726 
397.726 814.03 0.760673 
392.869 778.173 0.643942 
234.991 821.228 0.785872 
218.231 814.116 0.788016 
232.644 782.983 0.657383 
