278.134 256.444 0.940823 
289.994 325.949 0.7924 
244.568 335.432 0.767324 
218.331 445.523 0.906103 
189.574 534.104 0.804887 
333.045 316.273 0.878379 
354.601 416.833 0.854045 
333.096 507.898 0.878727 
275.638 491.015 0.721271 
239.818 488.708 0.750427 
239.915 639.363 0.861743 
232.543 775.826 0.780892 
306.787 491.106 0.667071 
321.119 658.427 0.865081 
388.167 773.379 0.846362 
268.53 242.196 0.872792 
294.699 239.911 0.905686 
256.406 258.854 0.779038 
311.586 256.469 0.788193 
388.048 816.523 0.779897 
400.149 811.725 0.770752 
392.848 775.772 0.687536 
234.993 821.217 0.793963 
218.232 814.119 0.793064 
234.923 783.012 0.659838 
