304.351 196.75 0.876366 
311.482 273.233 0.852373 
256.427 270.832 0.809169 
153.619 239.896 0.767862 
65.1244 218.346 0.910844 
364.164 275.592 0.814022 
450.311 328.28 0.872699 
395.318 400.105 0.822635 
316.363 433.651 0.726839 
280.557 436.001 0.666157 
258.996 610.683 0.815695 
220.765 768.597 0.812258 
352.282 431.289 0.725144 
385.728 620.258 0.841419 
426.384 771.023 0.743535 
292.44 184.806 0.882789 
316.38 182.456 0.922609 
275.79 203.875 0.849295 
337.863 201.444 0.834592 
428.856 814.058 0.813834 
445.591 809.221 0.781528 
421.668 775.882 0.566253 
211.087 811.641 0.815176 
199.127 799.743 0.794738 
225.458 775.778 0.669329 
