306.795 239.848 0.894228 
297.265 313.926 0.910773 
254.156 304.428 0.792452 
246.944 191.911 0.74522 
239.912 103.482 0.885089 
347.495 316.468 0.798756 
448.067 354.782 0.917097 
393.037 423.989 0.828614 
340.339 481.474 0.693261 
309.166 488.708 0.695713 
270.872 636.917 0.791065 
227.828 775.79 0.753333 
376.134 469.461 0.68651 
407.292 625.076 0.847365 
431.135 775.765 0.821597 
294.798 235.023 0.913169 
318.706 235.026 0.871322 
275.776 251.696 0.839834 
335.472 256.41 0.841766 
431.205 816.521 0.783682 
448.039 811.734 0.78032 
428.794 780.589 0.620653 
220.616 814.115 0.801282 
203.927 811.596 0.752714 
232.605 790.11 0.594089 
