309.173 249.339 0.855711 
297.333 318.771 0.881894 
256.453 316.33 0.857941 
258.969 194.358 0.816769 
261.398 112.936 0.744226 
349.83 325.964 0.783117 
448.013 368.902 0.870184 
392.927 428.914 0.899867 
342.707 486.252 0.697331 
311.553 495.83 0.69039 
266.133 639.39 0.787669 
227.779 778.147 0.747109 
376.135 471.957 0.669978 
400.098 632.183 0.794862 
431.113 773.441 0.802282 
294.869 239.753 0.947127 
318.756 239.785 0.908573 
278.08 256.598 0.903512 
335.521 258.899 0.825408 
431.174 816.499 0.756597 
447.997 811.706 0.762981 
428.837 778.229 0.583648 
220.578 814.081 0.817158 
203.896 811.57 0.771435 
232.592 792.508 0.614758 
