314.031 223.118 0.917374 
316.474 299.564 0.908799 
273.194 294.919 0.86603 
218.199 199.09 0.777635 
175.208 122.437 0.869317 
371.366 302.042 0.826471 
450.29 371.491 0.924198 
404.849 447.838 0.843019 
328.346 479.082 0.700296 
294.693 483.795 0.705395 
254.129 634.59 0.811721 
227.799 775.797 0.763813 
361.82 474.29 0.6872 
392.884 639.431 0.884015 
431.101 778.17 0.780339 
299.57 220.553 0.917053 
328.291 218.258 0.903905 
285.252 239.709 0.834455 
340.289 234.938 0.806359 
428.909 816.55 0.736992 
447.933 813.998 0.749643 
428.865 790.101 0.560719 
220.586 814.112 0.810374 
203.899 811.595 0.77075 
234.961 787.773 0.625189 
