314.031 223.117 0.917365 
316.477 299.562 0.908505 
273.194 294.915 0.865583 
218.2 199.085 0.778406 
175.209 122.44 0.870873 
371.375 302.047 0.826342 
450.291 371.492 0.923885 
404.848 447.84 0.84347 
328.343 479.08 0.69997 
294.692 483.794 0.705043 
254.128 634.591 0.811701 
227.807 775.791 0.764024 
361.813 474.286 0.687663 
392.884 639.437 0.881105 
431.1 778.17 0.779994 
299.571 220.551 0.91648 
328.294 218.259 0.904426 
285.252 239.706 0.833953 
340.292 234.942 0.807412 
428.906 816.551 0.7366 
447.93 813.999 0.749477 
428.868 790.102 0.561447 
220.588 814.109 0.811717 
203.9 811.589 0.770594 
234.971 787.767 0.625236 
