316.402 223.017 0.916088 
325.956 297.282 0.87735 
275.727 297.306 0.881513 
199.165 232.612 0.775328 
125.017 179.954 0.873614 
373.791 297.205 0.906258 
431.347 385.749 0.835851 
404.88 450.269 0.867426 
316.279 476.661 0.706345 
278.174 471.909 0.686005 
254.095 625.117 0.798941 
227.806 775.855 0.764587 
352.193 481.426 0.726353 
390.568 639.404 0.887089 
431.129 775.845 0.806523 
302.029 218.332 0.911497 
330.725 218.122 0.914471 
292.39 239.794 0.880128 
347.502 232.545 0.758792 
428.88 816.473 0.772994 
447.924 811.73 0.7637 
431.14 785.38 0.591148 
220.597 814.075 0.815398 
203.919 811.575 0.764664 
234.945 790.184 0.650844 
