316.44 239.708 0.948943 
325.957 314.013 0.858584 
278.102 316.365 0.855859 
179.909 306.779 0.745699 
86.6387 294.789 0.91504 
371.425 313.853 0.87693 
431.182 392.934 0.917566 
402.529 459.952 0.79968 
316.369 479.034 0.702556 
280.52 471.853 0.674529 
258.925 622.764 0.847065 
230.2 775.738 0.773872 
352.267 483.879 0.735091 
390.577 639.424 0.892179 
428.885 778.214 0.791929 
304.393 234.962 0.863231 
330.733 230.213 0.8784 
292.366 254.11 0.841126 
349.767 242.244 0.717953 
431.165 816.512 0.770228 
447.948 811.713 0.780358 
428.795 792.453 0.582616 
220.572 814.079 0.819649 
203.903 811.552 0.757894 
234.997 787.776 0.650013 
