325.889 256.444 0.892022 
318.772 337.85 0.900756 
263.745 347.453 0.790035 
182.397 412.001 0.878775 
117.715 474.321 0.820641 
376.18 333.129 0.866045 
469.422 392.869 0.920712 
414.562 448.055 0.868909 
340.268 488.632 0.740916 
306.762 491.07 0.699931 
254.188 632.179 0.790943 
232.55 775.73 0.775937 
376.13 486.229 0.755803 
409.589 637.01 0.867263 
431.129 775.799 0.802083 
311.602 244.629 0.863723 
335.485 242.172 0.910142 
294.759 268.544 0.842137 
352.316 259.038 0.698494 
428.893 816.466 0.781292 
447.959 811.723 0.765975 
428.816 782.996 0.591817 
218.269 814.088 0.800893 
201.607 809.325 0.748512 
237.306 790.124 0.653618 
