215.798 227.859 0.858575 
215.795 301.999 0.854169 
156.027 309.12 0.786997 
84.2479 388.165 0.913546 
129.717 450.296 0.903319 
273.224 297.297 0.835932 
349.895 371.275 0.895192 
299.674 440.734 0.827966 
220.565 462.327 0.710041 
182.406 467.028 0.7113 
144.013 634.552 0.838466 
103.473 780.568 0.810332 
256.532 459.899 0.699448 
292.331 622.727 0.863965 
321.174 778.198 0.732904 
201.442 218.3 0.9715 
223.123 218.267 0.906702 
184.729 227.826 0.767798 
242.211 225.391 0.794273 
318.741 818.911 0.756562 
335.632 814.121 0.756272 
321.117 787.784 0.588092 
98.5659 823.626 0.77593 
84.2331 814.14 0.791707 
105.77 792.548 0.647783 
