318.706 297.11 0.932513 
318.818 381.011 0.837787 
266.143 392.946 0.822963 
311.505 488.683 0.837905 
357.113 567.602 0.864295 
376.165 371.4 0.845357 
464.677 409.553 0.875609 
412.13 467.122 0.861157 
352.131 524.513 0.760324 
314.006 529.357 0.758643 
237.278 625.061 0.814385 
230.192 773.463 0.796071 
383.397 514.936 0.698397 
395.384 641.841 0.827358 
428.902 775.718 0.857634 
311.478 287.644 0.852202 
333.093 289.992 0.896007 
294.734 299.663 0.828961 
349.783 302.048 0.767793 
431.187 818.833 0.78965 
447.98 811.737 0.787592 
428.819 778.255 0.623825 
218.212 814.109 0.80596 
201.542 811.577 0.786539 
237.465 783.005 0.727167 
