316.445 254.163 0.911113 
318.711 335.541 0.923289 
261.386 340.341 0.806538 
258.938 447.896 0.888946 
256.53 538.887 0.868542 
373.844 333.098 0.895749 
448.06 412.076 0.931655 
393.048 467.164 0.908182 
333.015 493.465 0.718577 
294.869 500.566 0.725433 
239.748 637.038 0.808464 
225.426 775.723 0.781534 
368.938 491.019 0.719262 
383.383 639.376 0.856633 
428.808 775.79 0.816656 
304.442 242.143 0.873075 
330.75 239.777 0.929673 
292.346 256.636 0.784472 
347.505 249.391 0.738551 
431.25 816.518 0.778152 
448.001 811.64 0.786231 
428.777 782.982 0.568455 
218.229 814.177 0.77216 
201.519 811.645 0.770756 
235.028 785.355 0.662781 
