316.495 227.866 0.865804 
318.765 313.909 0.908175 
261.396 316.25 0.850107 
237.297 409.646 0.901104 
199.096 502.97 0.89077 
373.895 309.223 0.841673 
436.008 393.04 0.857715 
392.918 450.455 0.913458 
321.17 474.286 0.708373 
287.678 474.315 0.669958 
246.924 625.052 0.785625 
223.123 775.824 0.762401 
354.769 471.948 0.736158 
373.86 627.481 0.843507 
419.239 773.379 0.755157 
309.126 220.536 0.911509 
333.048 218.285 0.958504 
292.461 235.044 0.793635 
352.162 225.446 0.814715 
428.859 816.464 0.772538 
445.517 809.326 0.769922 
414.512 778.198 0.6023 
218.199 814.131 0.763987 
201.492 811.626 0.745621 
232.641 790.13 0.636554 
