316.455 184.784 0.908614 
318.8 256.592 0.909154 
261.404 251.779 0.80334 
165.653 223.053 0.729306 
67.4756 213.449 0.774183 
373.873 259.05 0.863189 
433.683 335.51 0.891598 
390.496 400.145 0.856674 
306.821 431.177 0.704601 
273.27 428.794 0.706969 
275.625 601.152 0.854624 
266.078 759.08 0.738319 
342.67 431.272 0.695314 
335.459 601.19 0.896247 
340.303 763.785 0.720056 
306.751 179.831 0.874697 
333.033 177.522 0.907006 
289.996 189.54 0.721 
352.335 182.475 0.81416 
328.306 814.092 0.751228 
347.428 811.681 0.710119 
340.293 773.329 0.600912 
261.303 814.024 0.776321 
249.315 809.239 0.68712 
275.688 768.624 0.650158 
