316.315 194.264 0.897558 
316.286 258.997 0.927086 
258.975 256.426 0.864072 
170.367 196.663 0.679667 
89.0803 156.031 0.816166 
371.382 266.114 0.81619 
438.426 335.596 0.857723 
390.432 407.284 0.877713 
306.805 447.964 0.714556 
273.255 445.564 0.699286 
275.735 603.574 0.8431 
268.514 771.027 0.782657 
342.694 450.293 0.710821 
332.994 608.292 0.823711 
333.05 763.782 0.79535 
301.989 182.286 0.897606 
330.715 180.059 0.928014 
285.269 198.985 0.777729 
352.119 194.272 0.788294 
316.313 816.532 0.806192 
333.204 814.061 0.778369 
333.082 773.279 0.674837 
258.983 816.533 0.766176 
244.62 811.766 0.738355 
275.727 775.889 0.759531 
