304.437 225.494 0.840923 
297.118 297.117 0.9294 
244.631 285.262 0.775577 
244.625 160.726 0.760015 
235.015 65.1609 0.769008 
347.483 309.138 0.794716 
431.138 361.856 0.872945 
368.951 428.867 0.884202 
311.583 479.055 0.735229 
275.692 483.817 0.751415 
268.454 632.224 0.766982 
263.748 775.766 0.821664 
347.451 471.96 0.695243 
330.63 622.67 0.836277 
330.72 770.936 0.800555 
294.792 218.131 0.934427 
318.713 218.255 0.917035 
275.641 225.407 0.826248 
335.581 234.999 0.77602 
316.27 818.828 0.842352 
333.141 814.094 0.82419 
332.985 775.729 0.707398 
258.942 818.846 0.785602 
244.547 814.041 0.780306 
275.617 782.985 0.742888 
