299.706 230.194 0.854644 
297.206 297.178 0.932331 
247.001 294.761 0.842882 
218.317 189.497 0.742301 
182.45 103.303 0.807627 
349.862 299.592 0.83689 
424.06 368.916 0.845958 
371.316 433.653 0.881847 
297.335 474.251 0.735598 
263.749 479.049 0.67947 
259.038 636.97 0.844736 
263.673 775.82 0.821407 
335.404 469.522 0.750283 
313.842 629.845 0.811019 
328.259 773.305 0.804714 
292.441 218.338 0.9332 
316.285 220.549 0.967206 
275.595 232.636 0.829638 
333.052 234.94 0.783026 
314.052 821.251 0.828925 
333.134 814.171 0.83033 
330.661 775.861 0.69698 
256.614 818.914 0.772889 
242.15 814.057 0.774947 
275.582 782.989 0.712808 
