301.974 220.665 0.917411 
299.585 292.429 0.893818 
251.735 287.679 0.814254 
199.094 191.923 0.780897 
144.052 117.775 0.852126 
352.214 294.706 0.871688 
423.987 368.995 0.849191 
373.715 435.963 0.878928 
294.874 469.465 0.758348 
258.86 469.477 0.747886 
259.018 636.932 0.858737 
261.366 775.829 0.833507 
333.047 469.437 0.759595 
304.436 632.235 0.804075 
325.893 773.348 0.803084 
292.378 215.833 0.891755 
314.049 215.779 0.912599 
275.553 227.788 0.813965 
333.012 225.412 0.713358 
314.035 821.209 0.810699 
333.144 814.139 0.820257 
328.31 775.895 0.674203 
256.526 818.828 0.786268 
239.832 813.992 0.788825 
273.307 785.32 0.708668 
