301.974 220.667 0.916676 
299.586 292.426 0.893543 
251.737 287.676 0.813991 
199.101 191.932 0.779152 
144.048 117.765 0.851426 
352.216 294.706 0.871759 
423.992 368.991 0.848195 
373.716 435.96 0.879198 
294.874 469.463 0.757451 
258.864 469.477 0.746952 
259.018 636.938 0.859329 
261.366 775.836 0.833645 
333.044 469.435 0.757707 
304.438 632.236 0.804064 
325.891 773.354 0.803106 
292.382 215.833 0.891978 
314.049 215.781 0.913389 
275.562 225.496 0.814228 
333.012 225.413 0.715336 
314.034 821.21 0.812186 
333.143 814.142 0.822417 
328.307 775.902 0.671734 
256.53 818.833 0.785761 
239.836 813.999 0.788828 
273.303 785.329 0.709473 
