297.357 227.82 0.877937 
302.018 313.908 0.882392 
249.352 314.013 0.809173 
153.681 371.274 0.836442 
77.0849 426.335 0.799409 
357.068 313.832 0.846766 
424.025 392.999 0.874708 
371.274 455.21 0.844341 
280.491 483.881 0.746505 
249.343 483.79 0.692188 
251.767 636.986 0.83619 
239.93 775.742 0.835678 
316.318 486.218 0.776352 
294.813 639.32 0.884701 
314.062 773.319 0.857571 
287.682 220.593 0.902496 
313.941 218.317 0.950556 
275.611 237.462 0.752157 
333.092 234.932 0.791961 
306.803 818.836 0.788588 
323.547 814.133 0.791508 
316.344 778.155 0.708623 
246.953 818.836 0.771581 
232.56 814.077 0.782348 
246.944 780.627 0.672213 
