211.026 232.565 0.845584 
203.894 302.058 0.856596 
146.419 304.365 0.814585 
84.1175 383.362 0.855521 
125.02 447.995 0.921594 
266.1 301.981 0.793308 
345.039 371.507 0.882369 
297.319 445.559 0.883144 
215.888 467.144 0.709568 
179.899 469.485 0.71341 
143.975 636.965 0.86424 
120.047 778.242 0.800721 
254.075 467.034 0.676638 
294.685 625.067 0.871199 
335.409 778.233 0.768674 
199.116 218.356 0.967943 
220.666 218.355 0.950358 
182.346 230.206 0.803785 
239.737 225.487 0.809755 
333.159 826.048 0.756246 
352.177 816.526 0.743479 
335.457 790.064 0.582569 
108.235 826.067 0.791116 
96.2291 816.484 0.758468 
122.474 792.46 0.683255 
