304.432 235.016 0.872171 
294.888 321.12 0.906239 
237.438 316.453 0.864855 
165.674 409.638 0.85339 
124.901 488.574 0.913617 
354.612 325.886 0.821358 
424.064 400.138 0.825361 
359.484 462.341 0.822845 
282.852 488.666 0.749659 
251.702 488.709 0.730274 
251.742 639.376 0.847052 
239.774 778.164 0.850837 
316.421 488.634 0.773684 
294.872 639.378 0.886276 
313.979 770.952 0.846402 
294.917 220.683 0.965853 
318.773 223.053 0.883648 
278.1 237.331 0.800691 
335.572 242.17 0.818439 
301.997 818.853 0.786067 
318.776 814.128 0.80342 
314.051 775.728 0.687761 
244.608 816.549 0.786532 
230.189 814.102 0.800687 
242.176 790.132 0.695262 
