304.432 235.016 0.872129 
294.888 321.12 0.906241 
237.438 316.453 0.864876 
165.674 409.638 0.853395 
124.901 488.574 0.913611 
354.612 325.886 0.821342 
424.064 400.138 0.825377 
359.484 462.341 0.822844 
282.852 488.666 0.749653 
251.702 488.709 0.730267 
251.742 639.377 0.847112 
239.775 778.173 0.849559 
316.421 488.634 0.773674 
294.872 639.379 0.886261 
313.979 770.952 0.846435 
294.917 220.683 0.965883 
318.773 223.052 0.883684 
278.1 237.33 0.800355 
335.572 242.17 0.818477 
302.001 818.855 0.785511 
318.778 814.129 0.803134 
314.048 775.729 0.687674 
244.624 816.556 0.784043 
230.2 814.109 0.800613 
242.173 790.143 0.696817 
