211.03 232.628 0.850183 
203.905 302.062 0.852642 
146.421 302.019 0.819767 
84.1104 381.012 0.852223 
125.024 447.997 0.91793 
266.124 302.056 0.783359 
342.689 373.753 0.880292 
297.244 447.887 0.913009 
215.876 469.467 0.714616 
179.877 469.486 0.71731 
144.003 634.62 0.848034 
122.501 780.603 0.832657 
254.083 469.432 0.696036 
294.736 625.051 0.882046 
335.585 780.595 0.733879 
199.111 220.534 0.961569 
220.684 220.562 0.944722 
182.306 227.84 0.804788 
239.762 227.801 0.79473 
335.584 823.63 0.737265 
354.619 816.458 0.740924 
335.535 792.44 0.596251 
110.603 826 0.792687 
100.965 816.419 0.803269 
124.971 792.568 0.718014 
