251.774 220.788 0.90549 
256.628 306.755 0.876232 
206.301 306.78 0.775577 
160.781 395.323 0.905483 
223.104 428.847 0.887399 
306.745 306.771 0.787678 
306.77 383.339 0.443055 
314.015 428.839 0.519657 
261.304 476.696 0.709352 
235.021 479.086 0.68882 
316.359 579.545 0.883069 
215.794 601.188 0.85344 
292.472 474.289 0.702968 
299.673 636.984 0.780415 
258.894 773.309 0.833576 
234.952 220.715 0.910722 
251.727 213.412 0.814937 
215.812 246.94 0.792965 
0 0 0 
278.032 818.849 0.690831 
287.616 811.686 0.713182 
239.872 775.86 0.754908 
198.991 658.473 0.788605 
182.464 641.865 0.697138 
201.429 589.167 0.761339 
