249.4 232.617 0.865688 
256.43 316.273 0.910641 
201.442 314.034 0.862467 
146.504 404.92 0.853956 
215.837 431.322 0.881871 
306.763 316.305 0.853584 
318.75 395.376 0.79953 
302.055 457.501 0.772191 
256.424 481.464 0.749082 
223.048 481.488 0.703823 
318.822 548.478 0.814779 
237.366 608.306 0.847504 
280.47 479.101 0.720341 
301.995 632.212 0.793593 
254.173 773.338 0.817095 
234.941 225.455 0.856739 
254.188 218.338 0.925748 
215.763 251.758 0.799917 
0 0 0 
275.697 823.617 0.640027 
280.474 814.006 0.669757 
237.321 775.862 0.752845 
234.926 672.926 0.764658 
218.271 660.897 0.678805 
223.016 603.493 0.809408 
