246.975 201.57 0.899338 
254.127 282.921 0.867156 
199.001 287.674 0.83529 
146.494 373.884 0.896555 
215.765 407.216 0.844963 
306.781 280.43 0.843035 
335.438 357.127 0.885232 
313.949 411.974 0.909437 
256.528 448.021 0.766544 
225.394 447.979 0.703865 
261.302 603.539 0.824666 
244.561 771.007 0.672371 
280.548 450.303 0.704505 
275.739 608.33 0.779668 
239.789 771.025 0.614786 
232.582 199.135 0.911173 
256.429 194.351 0.87352 
213.481 220.588 0.878525 
270.858 206.334 0.185866 
270.926 823.609 0.336435 
275.703 814.04 0.375069 
220.572 787.739 0.393873 
280.437 818.894 0.641504 
266.07 821.238 0.570936 
232.577 787.726 0.54244 
