244.594 199.201 0.914366 
249.324 278.142 0.883866 
196.636 282.879 0.822641 
151.279 373.881 0.867739 
215.769 400.103 0.851198 
301.986 275.731 0.878405 
345.08 352.325 0.883115 
318.73 392.955 0.870915 
251.757 448.001 0.749401 
218.256 448.002 0.785576 
237.435 615.457 0.854208 
225.427 775.775 0.639016 
280.438 447.973 0.734301 
268.475 622.559 0.788347 
249.318 792.468 0.537837 
230.237 196.68 0.861148 
256.464 187.157 0.886242 
215.801 215.858 0.854923 
270.882 203.859 0.407357 
275.74 821.214 0.512644 
280.494 811.768 0.585548 
234.977 811.633 0.262849 
249.369 816.486 0.48096 
230.218 816.509 0.460554 
218.151 790.105 0.380785 
