254.043 206.345 0.860106 
254.053 292.352 0.862985 
196.644 294.748 0.855186 
156.023 388.08 0.86493 
206.255 409.671 0.908042 
309.18 282.824 0.824116 
349.809 357.105 0.838783 
316.271 407.204 0.859592 
249.334 450.346 0.726067 
218.186 450.359 0.743512 
242.199 610.663 0.818827 
218.261 756.558 0.84968 
278.13 450.31 0.756637 
273.24 620.336 0.820731 
258.872 775.771 0.815229 
237.357 199.201 0.954238 
258.988 199.045 0.928986 
218.268 218.267 0.945747 
275.777 208.634 0.712267 
258.872 816.43 0.805246 
275.712 811.756 0.829333 
256.419 785.397 0.572142 
239.712 809.23 0.666828 
220.563 802.105 0.615841 
206.332 761.403 0.55449 
