256.502 223.023 0.920396 
254.105 311.477 0.862596 
194.265 313.859 0.836389 
146.56 397.727 0.839536 
194.338 433.601 0.864767 
313.851 302.005 0.834607 
361.804 376.189 0.818268 
313.934 419.247 0.846455 
246.996 469.453 0.753777 
215.783 469.508 0.75698 
256.435 574.815 0.845062 
218.183 684.917 0.815204 
280.444 467.146 0.767361 
277.998 620.204 0.6573 
258.87 768.598 0.744402 
239.862 215.867 0.923798 
268.507 215.888 0.860852 
223.023 232.591 0.829175 
282.914 225.481 0.766064 
258.9 816.468 0.711358 
275.573 811.766 0.721124 
251.685 773.422 0.570697 
220.622 742.305 0.67936 
201.573 735.133 0.67543 
208.674 687.249 0.588281 
