256.505 223.025 0.920262 
254.104 311.478 0.862607 
194.265 313.859 0.836391 
146.56 397.727 0.839521 
194.338 433.601 0.864778 
313.851 302.005 0.834587 
361.804 376.189 0.818243 
313.934 419.247 0.846452 
246.996 469.453 0.753775 
215.783 469.508 0.756957 
256.434 574.815 0.845051 
218.183 684.917 0.815184 
280.444 467.147 0.767342 
277.999 620.202 0.657099 
258.87 768.596 0.743488 
239.864 215.867 0.923442 
268.511 215.889 0.860999 
223.024 232.59 0.829007 
282.916 225.482 0.765227 
258.907 816.475 0.708643 
275.578 811.768 0.719246 
251.681 773.422 0.569039 
220.623 742.305 0.679074 
201.573 735.133 0.675263 
208.673 687.249 0.588275 
