256.597 232.642 0.899986 
251.756 316.26 0.897234 
191.939 318.779 0.819234 
151.212 409.552 0.871282 
194.276 445.547 0.850114 
311.49 313.849 0.844323 
371.464 380.957 0.868707 
316.272 428.918 0.948488 
249.384 471.963 0.727073 
215.831 471.947 0.749221 
254.079 562.69 0.862983 
218.181 644.223 0.804152 
282.825 471.953 0.718523 
278.084 656.123 0.833639 
258.934 773.425 0.842785 
242.251 220.622 0.906857 
273.239 220.695 0.899738 
227.837 237.396 0.834163 
287.634 239.701 0.828861 
258.835 816.474 0.820411 
275.602 814.019 0.836125 
254.127 775.879 0.72135 
213.427 699.189 0.681619 
199.051 692.019 0.658547 
213.464 641.867 0.567109 
