266.127 225.413 0.860298 
256.466 302.04 0.888182 
201.474 311.49 0.865722 
179.938 395.396 0.893843 
187.192 416.919 0.720703 
306.803 297.321 0.83297 
378.625 368.948 0.830315 
313.985 412.091 0.941836 
251.731 464.641 0.721516 
218.167 462.306 0.758244 
234.902 579.593 0.822147 
234.976 677.567 0.843476 
280.551 464.655 0.719626 
273.262 634.575 0.747291 
261.32 773.345 0.776091 
258.871 215.839 0.928395 
280.505 218.318 0.915092 
242.246 222.996 0.501359 
299.588 237.285 0.849004 
258.879 814.159 0.810704 
275.709 811.735 0.814614 
258.89 775.803 0.675658 
220.748 732.656 0.742885 
211.081 720.743 0.660406 
237.447 677.642 0.71756 
