270.889 218.296 0.921665 
256.527 294.848 0.944562 
203.908 297.253 0.876849 
182.328 385.766 0.876007 
187.174 407.319 0.774631 
306.795 292.463 0.818216 
376.153 357.062 0.873655 
309.175 407.32 0.862322 
251.788 462.285 0.717214 
218.156 457.563 0.739067 
223.089 596.36 0.817784 
237.293 703.957 0.839265 
282.918 462.309 0.693267 
273.261 620.16 0.766136 
263.694 773.431 0.748584 
259.003 201.644 0.930343 
285.28 211.089 0.834446 
244.629 218.165 0.464753 
302.006 225.439 0.763721 
258.915 814.167 0.797543 
275.784 811.769 0.82161 
258.984 775.797 0.651872 
223.042 756.653 0.812634 
213.449 749.467 0.703318 
239.881 708.8 0.660839 
