211.091 234.994 0.871462 
203.892 304.378 0.855917 
144.147 301.992 0.837986 
84.2675 380.948 0.879976 
132.077 447.933 0.879489 
268.485 306.761 0.777534 
342.66 373.931 0.849558 
299.588 450.248 0.8945 
215.869 474.267 0.694435 
179.85 474.308 0.681446 
144.179 636.954 0.83502 
139.197 780.571 0.792607 
254.099 471.904 0.687543 
297.199 629.865 0.868912 
352.292 775.873 0.769333 
199.144 220.622 0.964315 
220.737 220.634 0.933647 
182.321 232.585 0.786243 
239.821 230.253 0.774091 
352.212 823.603 0.7594 
369 814.166 0.747774 
354.621 785.382 0.575481 
125.025 826.038 0.791733 
112.943 816.459 0.758484 
141.699 792.526 0.746452 
