278.128 225.451 0.904662 
270.858 299.564 0.823111 
237.366 301.962 0.814517 
237.314 385.711 0.488797 
218.282 414.448 0.587837 
299.573 297.132 0.859865 
366.583 368.898 0.831611 
299.703 424.02 0.837331 
270.912 474.297 0.694725 
239.707 479.06 0.731753 
211.029 613.06 0.795013 
256.634 732.689 0.829306 
297.239 471.95 0.70037 
278.005 625.075 0.863456 
318.778 773.406 0.834962 
275.634 215.857 0.919798 
297.139 220.623 0.945975 
258.943 220.657 0.182769 
316.302 239.715 0.886924 
285.213 816.504 0.710017 
306.814 816.52 0.656531 
333.177 778.177 0.749139 
244.59 785.394 0.6887 
235.001 775.8 0.699423 
273.283 735.1 0.67459 
