242.152 220.531 0.937963 
246.967 282.842 0.829841 
191.896 285.278 0.788459 
113.008 354.721 0.863384 
163.205 412.121 0.943269 
306.768 280.455 0.818579 
371.409 354.557 0.940068 
313.962 376.19 0.8953 
249.339 447.911 0.698134 
218.146 448.025 0.720117 
237.396 622.758 0.861066 
247.004 778.184 0.752724 
278.182 443.181 0.713838 
275.774 622.748 0.858214 
270.919 782.942 0.697585 
232.596 206.305 0.857103 
256.52 203.947 0.907338 
215.835 218.178 0.821359 
275.581 213.505 0.791376 
270.919 823.654 0.737947 
290.047 816.46 0.769497 
268.484 792.535 0.427136 
249.356 821.216 0.6442 
237.286 816.514 0.658018 
249.391 792.45 0.475102 
