270.888 215.789 0.874514 
258.831 278.183 0.871096 
225.471 294.718 0.77157 
239.854 373.846 0.585025 
211.054 423.984 0.792568 
282.916 273.233 0.818614 
345.106 340.248 0.817097 
278.048 392.954 0.8796 
261.332 450.29 0.725975 
237.361 452.763 0.726903 
196.69 567.635 0.828994 
256.538 668.12 0.790705 
292.437 445.573 0.683508 
280.483 617.807 0.839017 
318.803 773.449 0.773 
259.035 199.197 0.947413 
285.254 203.913 0.86125 
246.965 208.679 0.418741 
299.656 220.708 0.838366 
294.832 816.552 0.758379 
313.994 816.481 0.717096 
335.461 780.559 0.621963 
239.736 735.153 0.78383 
227.83 725.536 0.656812 
273.213 670.499 0.675526 
