266.131 206.249 0.858966 
256.46 275.68 0.879447 
220.598 285.21 0.809146 
225.447 368.947 0.68712 
201.636 412.122 0.904594 
282.882 261.41 0.817353 
345.063 335.501 0.873223 
277.996 392.853 0.869815 
256.625 447.889 0.766597 
225.486 450.311 0.71434 
199.067 584.356 0.863903 
237.329 699.25 0.839464 
287.631 443.15 0.672843 
278.145 615.45 0.863184 
321.103 768.644 0.754626 
258.897 196.694 0.934829 
280.441 199.207 0.918923 
242.219 201.553 0.512302 
297.284 218.153 0.819165 
297.162 814.163 0.751571 
316.339 814.041 0.718421 
335.504 775.744 0.66322 
218.299 756.607 0.782884 
203.951 749.423 0.680767 
249.346 703.997 0.723185 
