244.574 242.171 0.882054 
239.867 318.764 0.892873 
201.476 333.038 0.873904 
206.279 428.693 0.850133 
163.263 467.125 0.87562 
278.162 311.545 0.854204 
328.326 397.711 0.813414 
278.198 486.247 0.865055 
237.393 486.26 0.764847 
201.629 486.235 0.736985 
199.009 637.036 0.875047 
179.998 773.303 0.881474 
268.47 486.294 0.677448 
259.044 644.245 0.861685 
330.75 770.95 0.844655 
237.422 234.898 0.908366 
259.053 237.38 0.921807 
220.642 242.153 0.663282 
280.471 256.494 0.857463 
316.405 821.229 0.82652 
333.198 814.117 0.787504 
335.612 773.37 0.752696 
172.788 813.991 0.861382 
160.718 809.205 0.811823 
184.783 775.916 0.736843 
