213.492 237.291 0.891342 
208.727 302.022 0.827471 
148.844 299.656 0.824032 
86.5339 376.217 0.907136 
134.473 447.875 0.865868 
273.197 306.807 0.789543 
345.043 376.207 0.839065 
302.052 450.364 0.871171 
218.192 469.578 0.712715 
179.985 471.911 0.704338 
148.901 639.389 0.838531 
144.019 778.259 0.861541 
256.408 469.506 0.712374 
299.681 629.841 0.826565 
357.072 775.856 0.729066 
201.43 220.742 0.951466 
223.032 220.743 0.891711 
182.416 234.935 0.835083 
239.896 234.948 0.79458 
357.014 821.234 0.724892 
373.836 814.134 0.718264 
359.481 785.352 0.556981 
134.492 826 0.785237 
122.466 814.19 0.804606 
151.242 790.172 0.721886 
