215.802 237.395 0.912557 
213.405 304.35 0.830352 
151.267 299.69 0.810188 
86.6352 378.614 0.87854 
134.514 447.938 0.873571 
273.236 309.122 0.795951 
347.442 378.541 0.834122 
304.417 450.477 0.852577 
218.324 469.477 0.718025 
182.313 469.505 0.718613 
156.006 639.262 0.825412 
144.209 778.169 0.841944 
256.478 467.167 0.705688 
306.797 634.557 0.815849 
366.633 780.597 0.695222 
201.472 223.042 0.926621 
223.11 223.023 0.864104 
184.717 235.014 0.842505 
242.135 235.024 0.811267 
364.231 823.647 0.699858 
380.978 816.466 0.708274 
369.031 792.457 0.546317 
141.597 826.001 0.78921 
124.932 816.449 0.775792 
156.073 787.759 0.727733 
