215.84 237.451 0.922308 
215.775 311.473 0.848484 
153.603 309.158 0.798421 
86.6589 385.72 0.873115 
139.254 450.268 0.909142 
275.602 311.487 0.821323 
347.464 380.944 0.829861 
309.114 452.762 0.838298 
218.329 471.877 0.705884 
182.32 471.912 0.694973 
158.386 639.377 0.84829 
153.62 780.563 0.778869 
256.489 469.522 0.700947 
311.508 634.571 0.832103 
371.344 778.136 0.747731 
201.478 223.102 0.913754 
225.419 223.06 0.850082 
184.749 237.308 0.852714 
242.206 237.28 0.797845 
371.293 826.04 0.733163 
388.109 816.487 0.717125 
373.709 785.374 0.554454 
144.112 826.018 0.788888 
129.725 816.465 0.764849 
160.788 792.46 0.737385 
