218.253 239.753 0.958116 
218.251 313.937 0.920912 
158.443 316.255 0.855889 
86.6836 392.933 0.946311 
141.686 452.768 0.914473 
278.019 311.612 0.852167 
349.876 385.745 0.865224 
311.477 457.528 0.832609 
220.658 471.937 0.710391 
182.464 471.931 0.701627 
160.866 639.416 0.894733 
160.876 778.149 0.866985 
258.826 471.907 0.727959 
314.067 634.616 0.882507 
376.191 775.902 0.768889 
203.867 227.826 0.879265 
232.541 227.801 0.832743 
187.178 237.454 0.819267 
244.605 237.425 0.779349 
373.9 828.366 0.752793 
392.947 818.846 0.71423 
383.354 785.333 0.576926 
151.23 825.998 0.813564 
141.553 816.42 0.821079 
165.668 787.772 0.754582 
