242.137 218.362 0.939853 
246.925 282.903 0.822932 
187.168 287.679 0.790063 
115.307 359.49 0.817999 
163.248 416.826 0.895738 
306.804 280.48 0.815096 
373.688 354.615 0.933989 
313.852 376.265 0.879434 
249.307 450.292 0.700857 
215.882 450.402 0.707822 
235.021 625.11 0.823966 
246.978 778.18 0.770911 
278.191 445.606 0.71309 
275.782 625.086 0.856126 
275.595 780.532 0.766838 
232.582 206.304 0.855378 
256.507 203.955 0.90502 
215.813 218.188 0.822923 
275.561 215.791 0.778089 
273.312 823.682 0.746038 
292.4 816.486 0.76208 
273.29 790.15 0.518385 
251.745 821.29 0.716412 
235.003 816.54 0.717343 
254.08 792.443 0.534349 
