227.796 251.728 0.848091 
234.906 316.355 0.89752 
179.836 323.524 0.799672 
105.677 409.677 0.935383 
151.269 467.077 0.887689 
287.675 311.567 0.812918 
354.736 376.218 0.871519 
316.435 457.579 0.845602 
237.312 486.163 0.74162 
199.112 486.182 0.745022 
182.282 641.833 0.87353 
201.418 775.887 0.886454 
275.573 483.868 0.722247 
335.542 639.418 0.908953 
412.14 775.823 0.77941 
218.15 237.466 0.95298 
239.789 237.452 0.955994 
199.135 246.945 0.836049 
258.84 244.538 0.814312 
414.468 823.63 0.715122 
431.208 814.112 0.731241 
421.615 782.941 0.566131 
194.355 823.626 0.796286 
180.021 814.196 0.831197 
211.063 785.367 0.754577 
