227.796 251.728 0.848104 
234.909 316.358 0.898065 
177.615 323.54 0.799686 
105.678 409.678 0.935268 
151.27 467.076 0.887632 
287.678 311.574 0.813701 
354.738 376.218 0.871119 
316.437 457.575 0.845788 
237.313 486.162 0.741901 
199.112 486.18 0.745251 
182.283 641.829 0.873988 
201.418 775.886 0.886725 
275.575 483.867 0.722778 
335.543 639.417 0.908988 
412.139 775.816 0.780877 
218.15 237.467 0.953073 
239.789 237.452 0.956007 
199.136 246.946 0.835901 
258.841 244.538 0.814233 
414.469 823.631 0.715328 
431.209 814.112 0.731346 
421.613 782.928 0.566423 
194.354 823.623 0.795894 
180.021 814.194 0.831166 
211.062 785.367 0.754781 
