239.916 220.544 0.943237 
246.971 285.299 0.816513 
189.501 290.056 0.795806 
112.926 364.204 0.808719 
163.202 426.346 0.899046 
309.129 280.542 0.809232 
373.72 354.638 0.936536 
313.87 380.946 0.85537 
249.37 450.331 0.694952 
218.16 450.41 0.707353 
232.611 627.482 0.795656 
242.253 778.232 0.786079 
278.206 447.948 0.703228 
278.015 625.118 0.850205 
275.727 778.167 0.804952 
232.569 206.303 0.855179 
256.506 203.974 0.90181 
215.82 218.182 0.824223 
275.566 215.81 0.787346 
275.644 826.006 0.760058 
294.696 816.448 0.778687 
275.584 790.124 0.583839 
242.157 823.627 0.745873 
225.397 816.437 0.75621 
254.077 792.577 0.61301 
