232.597 256.47 0.896093 
237.263 321.121 0.881652 
177.615 330.694 0.825583 
105.846 412.104 0.92027 
163.155 469.6 0.930477 
292.431 316.271 0.878624 
364.175 383.371 0.803822 
325.941 464.699 0.839108 
239.831 486.245 0.726258 
203.88 488.6 0.7094 
184.748 641.841 0.84477 
211.108 775.897 0.827834 
277.98 483.854 0.725014 
347.468 639.477 0.870556 
426.449 773.435 0.784405 
218.348 239.915 0.94328 
239.917 239.861 0.908067 
201.529 254.061 0.843044 
258.98 251.693 0.811664 
428.806 823.637 0.71057 
445.544 814.084 0.695517 
431.203 775.891 0.608089 
203.922 828.367 0.824438 
191.963 818.824 0.769529 
220.661 783.005 0.785936 
