234.938 258.832 0.926862 
237.285 328.35 0.879225 
179.847 333.009 0.842368 
105.902 412.186 0.900453 
163.165 471.905 0.919909 
294.727 318.851 0.833398 
368.995 390.417 0.880834 
325.961 467.138 0.865561 
242.25 488.636 0.710067 
208.635 488.735 0.691641 
187.173 644.172 0.805979 
218.176 775.872 0.869347 
278.187 486.247 0.722638 
352.344 641.725 0.915491 
431.245 775.779 0.823916 
220.562 244.579 0.912295 
242.258 244.539 0.846091 
201.6 256.439 0.846701 
261.337 256.441 0.825947 
431.29 821.228 0.729291 
448.055 814.021 0.729882 
438.383 780.554 0.615534 
208.663 826.057 0.806236 
198.993 816.5 0.813822 
223.124 783.011 0.770438 
