234.938 258.832 0.926721 
237.285 328.354 0.879587 
179.845 333.009 0.842006 
105.902 412.186 0.900464 
163.164 471.905 0.919818 
294.735 321.105 0.833896 
368.997 390.419 0.88149 
325.954 467.139 0.865655 
242.246 488.638 0.710896 
206.344 488.735 0.691794 
187.171 644.171 0.806496 
218.177 775.871 0.869411 
278.182 486.249 0.724122 
352.339 641.721 0.914824 
431.245 775.779 0.822679 
220.562 244.579 0.912285 
242.257 244.539 0.84637 
201.602 256.441 0.844948 
261.337 256.441 0.826017 
431.292 821.227 0.727207 
448.056 814.019 0.728534 
438.384 780.556 0.613048 
208.662 826.057 0.805192 
198.994 816.501 0.812882 
223.127 783.011 0.770611 
