235.009 261.273 0.915411 
234.982 330.733 0.882611 
177.538 333.028 0.837253 
108.229 412.172 0.881065 
163.211 471.983 0.897033 
292.391 328.36 0.812821 
371.479 392.825 0.917988 
330.668 469.403 0.884159 
249.4 491.037 0.687724 
215.762 493.433 0.682466 
191.916 648.973 0.783217 
220.617 778.14 0.881804 
285.257 488.635 0.688864 
354.777 641.765 0.884172 
433.694 775.837 0.779817 
220.615 251.756 0.918118 
244.584 251.773 0.852927 
201.593 256.593 0.887926 
261.362 256.628 0.820317 
436.027 823.602 0.649764 
450.448 814.071 0.660542 
445.507 782.959 0.58619 
215.87 825.994 0.786354 
201.456 816.477 0.805714 
232.637 785.325 0.749771 
