227.809 268.48 0.836935 
234.915 371.403 0.869696 
158.46 376.153 0.827298 
170.353 488.663 0.282196 
153.611 615.448 0.121954 
311.541 366.583 0.772187 
316.483 505.426 0.826411 
340.343 639.419 0.815349 
234.965 598.732 0.560003 
184.755 598.722 0.538119 
275.567 802.12 0.714145 
199.057 849.945 0.187279 
275.769 598.674 0.574699 
282.878 792.494 0.390575 
0 0 0 
208.692 254.118 0.867268 
242.248 251.76 0.863492 
182.432 258.997 0.855497 
268.478 258.821 0.79658 
0 0 0 
0 0 0 
0 0 0 
0 0 0 
0 0 0 
191.957 838.019 0.12348 
