227.812 268.482 0.837001 
234.906 371.401 0.867225 
158.459 376.152 0.827129 
170.354 488.669 0.283886 
153.63 615.436 0.127758 
311.529 366.583 0.770016 
316.483 505.43 0.82808 
340.343 639.415 0.815932 
234.954 598.73 0.559696 
184.741 598.721 0.54015 
275.566 802.127 0.715228 
199.063 849.932 0.18849 
275.759 598.666 0.576547 
282.857 792.503 0.399084 
0 0 0 
208.694 254.116 0.866515 
242.252 251.764 0.86367 
182.431 258.99 0.858856 
268.48 258.826 0.796044 
0 0 0 
0 0 0 
0 0 0 
0 0 0 
0 0 0 
191.955 838.007 0.126372 
