220.555 259.004 0.950617 
220.645 361.846 0.86003 
146.526 371.429 0.853274 
160.886 469.509 0.204699 
148.908 536.501 0.065734 
297.176 354.621 0.8308 
313.888 491.014 0.810957 
330.699 632.21 0.757828 
220.736 586.73 0.628595 
180.031 586.802 0.590477 
259.043 775.827 0.677005 
187.153 794.911 0.643976 
263.712 584.345 0.603121 
261.324 782.958 0.484826 
199.036 797.307 0.315057 
201.395 242.215 0.936267 
237.333 239.895 0.930189 
177.604 256.593 0.869905 
258.883 254.11 0.779963 
201.487 849.929 0.235184 
211.093 838.015 0.218701 
182.366 773.415 0.155781 
187.182 847.608 0.559697 
179.929 842.745 0.513146 
177.543 785.311 0.574222 
