218.135 249.37 0.860549 
220.698 354.552 0.899592 
146.456 361.847 0.796464 
163.311 474.271 0.253886 
146.505 567.593 0.0785681 
297.161 345.046 0.783704 
313.985 486.266 0.815544 
330.618 622.644 0.792574 
220.755 586.788 0.61002 
179.97 593.914 0.573017 
230.171 794.843 0.714687 
182.321 849.938 0.0703475 
266.106 584.354 0.567902 
266.106 799.739 0.506719 
0 0 0 
199.033 235.02 0.931483 
234.956 234.975 0.87325 
177.577 251.707 0.790688 
256.601 242.161 0.79016 
0 0 0 
0 0 0 
0 0 0 
0 0 0 
0 0 0 
180.047 847.591 0.0629571 
