230.223 263.753 0.851526 
225.411 332.996 0.886529 
168.024 333.04 0.827234 
108.15 412.099 0.90071 
163.207 471.948 0.899674 
282.903 330.755 0.817864 
371.376 393.027 0.896776 
330.71 469.535 0.88651 
249.342 493.443 0.68519 
213.476 498.188 0.681021 
194.306 648.95 0.785245 
220.761 778.256 0.852642 
285.22 488.717 0.68146 
354.736 641.761 0.891989 
438.366 775.882 0.757739 
218.24 256.434 0.942838 
239.871 256.438 0.921795 
199.171 258.952 0.85663 
258.91 258.915 0.835927 
440.795 821.275 0.633074 
452.801 814.069 0.649866 
445.589 785.368 0.573434 
218.265 826.036 0.798813 
201.61 816.527 0.79811 
237.3 787.763 0.777738 
