230.223 263.753 0.851529 
225.41 332.997 0.886755 
168.022 333.04 0.827573 
108.15 412.099 0.900671 
163.207 471.947 0.899927 
282.903 330.755 0.817893 
371.376 393.027 0.896787 
330.711 469.535 0.886753 
249.343 493.442 0.685159 
213.478 498.187 0.681153 
194.306 648.949 0.785182 
220.761 778.256 0.852631 
285.219 488.716 0.681494 
354.736 641.761 0.892021 
438.366 775.881 0.757767 
218.24 256.434 0.942519 
239.872 256.438 0.921646 
199.17 258.952 0.857114 
258.91 258.915 0.835954 
440.795 821.274 0.633038 
452.801 814.069 0.649846 
445.588 785.368 0.573442 
218.265 826.036 0.798812 
201.61 816.527 0.798114 
237.3 787.763 0.777732 
