246.952 220.627 0.918559 
242.212 294.842 0.899038 
199.064 287.644 0.786663 
175.166 275.706 0.756592 
194.317 256.562 0.800246 
294.809 299.609 0.881105 
313.912 400.094 0.771631 
285.254 376.173 0.639758 
256.417 450.329 0.705562 
220.592 452.754 0.69433 
239.915 620.275 0.84343 
249.342 775.773 0.795684 
287.621 447.901 0.667781 
278.132 608.282 0.830259 
292.426 773.289 0.760927 
237.353 208.721 0.898037 
259.048 211.03 0.885896 
220.601 218.358 0.792021 
278.111 220.697 0.887787 
270.924 823.632 0.773853 
292.426 816.521 0.756086 
299.573 778.19 0.644633 
232.645 818.849 0.745442 
220.557 811.766 0.776672 
258.89 787.777 0.609984 
