249.323 220.764 0.898166 
249.313 294.876 0.863862 
201.493 285.281 0.801274 
182.248 270.841 0.734301 
201.598 249.373 0.772684 
294.919 299.706 0.857829 
316.476 409.609 0.8841 
287.617 373.885 0.776409 
251.692 450.399 0.672307 
218.227 452.791 0.682378 
239.689 625.037 0.829186 
244.633 775.896 0.795044 
280.48 450.298 0.679935 
275.542 617.773 0.835846 
287.686 773.408 0.763369 
237.419 213.495 0.912863 
259.044 213.45 0.89007 
220.777 220.563 0.667079 
278.161 220.635 0.875434 
268.538 823.675 0.771243 
290.023 818.84 0.750228 
297.206 780.589 0.663918 
232.603 821.265 0.714796 
218.303 814.074 0.748753 
256.598 792.462 0.620876 
