249.309 220.677 0.914466 
249.321 294.795 0.854666 
201.515 287.596 0.785362 
182.367 278.015 0.729515 
199.146 256.5 0.750603 
297.181 297.338 0.880041 
316.493 404.896 0.856355 
287.686 373.887 0.805177 
246.988 452.722 0.685043 
218.121 455.121 0.679394 
237.345 625.085 0.810977 
244.611 775.852 0.802381 
278.168 450.378 0.704347 
268.495 615.454 0.796443 
285.28 773.444 0.76695 
237.409 211.094 0.901887 
259.04 211.083 0.889377 
220.77 218.288 0.609626 
278.149 220.604 0.874953 
268.494 826.003 0.781604 
289.989 818.857 0.749723 
297.153 780.603 0.649199 
232.635 821.26 0.716075 
218.317 814.079 0.745845 
256.553 790.173 0.615252 
