251.698 234.95 0.869949 
242.204 299.664 0.84797 
199.049 316.294 0.873638 
182.348 411.99 0.937326 
201.447 349.804 0.833509 
292.449 285.218 0.816511 
333.176 373.765 0.931991 
278.18 450.315 0.904716 
237.4 462.344 0.718261 
203.892 464.673 0.692298 
215.805 625.002 0.773114 
249.385 773.471 0.833572 
266.134 462.342 0.641555 
223.01 622.624 0.8668 
278.108 773.387 0.826812 
239.673 220.624 0.977662 
261.283 220.635 0.930287 
220.735 232.64 0.77466 
278.119 230.214 0.774219 
270.861 823.632 0.797346 
289.994 814.14 0.776865 
292.447 778.157 0.683581 
232.562 821.243 0.740096 
218.34 814.052 0.751443 
258.845 782.965 0.602056 
