227.808 268.452 0.841442 
223.046 333.048 0.905959 
165.693 330.752 0.829543 
110.539 412.015 0.881934 
163.114 471.948 0.90157 
280.496 333.107 0.8488 
371.263 395.362 0.86013 
330.644 469.628 0.868117 
242.234 495.796 0.705715 
206.308 500.594 0.686459 
191.893 648.956 0.787338 
220.772 778.233 0.854378 
278.19 488.727 0.717016 
354.71 641.8 0.886874 
436.007 775.834 0.758788 
218.142 256.515 0.940874 
239.779 256.524 0.952124 
199.072 259.02 0.855539 
256.64 258.989 0.821978 
438.387 818.9 0.628448 
452.733 814.01 0.646497 
445.545 782.993 0.561243 
218.261 826.035 0.797825 
201.611 816.525 0.796643 
237.32 787.734 0.776422 
