249.328 242.229 0.869182 
242.175 313.887 0.874733 
201.523 330.706 0.828955 
184.83 428.911 0.901615 
199.022 354.545 0.835103 
280.495 294.719 0.811005 
325.898 373.816 0.856144 
278.155 457.565 0.857587 
237.419 469.539 0.759732 
206.295 469.577 0.701737 
201.626 636.924 0.804659 
246.977 775.786 0.781862 
263.725 469.546 0.676003 
215.892 625.115 0.846319 
266.158 773.453 0.776186 
237.435 234.997 0.933438 
259.061 235.034 0.89429 
220.676 239.789 0.767907 
278.025 239.818 0.800705 
268.473 821.294 0.728664 
282.871 814.059 0.76837 
275.767 778.149 0.566981 
227.859 823.683 0.70885 
220.572 814.177 0.731503 
258.885 790.064 0.468404 
