251.689 242.266 0.864759 
239.92 313.87 0.884467 
201.431 330.744 0.820939 
194.258 426.456 0.846027 
194.288 347.48 0.733505 
280.525 290.066 0.796684 
328.332 371.493 0.891431 
278.191 450.384 0.904882 
237.424 471.929 0.743927 
206.259 471.95 0.696446 
206.262 636.985 0.763031 
247.011 775.739 0.79142 
266.098 471.947 0.65736 
218.323 622.707 0.883166 
270.906 773.454 0.78002 
237.491 235.012 0.93764 
261.337 237.295 0.899153 
220.678 239.796 0.821232 
278.056 239.896 0.762858 
270.843 821.3 0.751934 
285.223 814.071 0.770727 
278.084 778.188 0.585658 
230.191 823.601 0.712734 
220.553 814.116 0.747186 
258.875 787.716 0.518934 
