254.089 237.365 0.914424 
249.372 294.763 0.830472 
203.896 299.634 0.734597 
199.101 395.306 0.834457 
199.103 333.139 0.469184 
294.73 282.824 0.837214 
342.648 369.033 0.831752 
290.025 409.716 0.861651 
239.901 464.75 0.743535 
213.467 467.062 0.704672 
211.069 634.625 0.75074 
249.324 773.375 0.827607 
275.604 464.695 0.720204 
237.421 622.569 0.908477 
282.922 773.353 0.801293 
239.838 220.714 0.962771 
266.08 223.077 0.848523 
223.101 227.81 0.744851 
280.419 237.288 0.742148 
270.884 826.038 0.80081 
290 818.865 0.772773 
297.179 775.79 0.790384 
234.941 816.521 0.766387 
220.58 811.692 0.771954 
256.642 778.179 0.598079 
