258.899 218.252 0.963491 
239.812 292.458 0.889112 
182.373 294.77 0.850626 
213.437 366.617 0.825303 
251.768 292.437 0.815591 
294.752 292.347 0.851009 
299.635 388.13 0.784893 
316.336 369.036 0.831933 
246.93 447.979 0.718258 
218.124 450.309 0.718794 
222.99 625.113 0.80084 
246.979 773.38 0.812902 
278.09 447.907 0.764391 
258.916 620.152 0.881387 
292.469 773.363 0.816318 
249.323 203.88 0.879322 
275.553 213.45 0.87823 
222.997 218.273 0.828799 
280.455 232.543 0.396986 
270.877 826.026 0.764348 
290.048 821.224 0.746434 
301.976 778.2 0.744122 
234.98 816.561 0.751353 
220.589 811.727 0.770375 
256.614 778.189 0.589407 
