256.508 201.387 0.977147 
239.751 278.204 0.931699 
194.323 278.209 0.84099 
237.486 366.615 0.876778 
294.824 313.909 0.869185 
285.29 278.154 0.807439 
278.188 373.85 0.686805 
316.29 376.239 0.839022 
246.958 447.904 0.706146 
218.152 447.965 0.718404 
232.569 632.167 0.779169 
242.169 778.198 0.794196 
278.044 445.562 0.754704 
266.086 620.153 0.808221 
275.723 778.181 0.792032 
239.777 194.301 0.914056 
259.021 194.276 0.863127 
218.156 208.689 0.818099 
0 0 0 
278.04 823.615 0.72512 
294.857 814.091 0.741645 
273.313 790.189 0.602101 
237.357 816.55 0.766187 
220.661 813.995 0.786333 
254.065 792.573 0.642304 
