246.932 199.084 0.912759 
239.731 278.06 0.912416 
199.126 278.017 0.887989 
239.818 371.445 0.917607 
304.372 330.732 0.828908 
278.116 278.135 0.839708 
282.877 359.418 0.326638 
309.14 390.41 0.714887 
249.331 447.889 0.708822 
218.283 447.925 0.733208 
232.576 625.11 0.788257 
239.871 778.188 0.819042 
278.039 445.575 0.748085 
266.153 622.671 0.806078 
275.66 773.457 0.825664 
232.568 194.322 0.850598 
251.705 184.847 0.822343 
203.964 213.487 0.788952 
0 0 0 
278.139 816.454 0.755178 
297.138 811.581 0.748351 
273.195 782.962 0.5924 
237.444 816.509 0.759236 
220.715 814.017 0.7773 
249.382 792.48 0.663406 
