235.008 199.057 0.936684 
242.164 280.541 0.856036 
206.306 278.197 0.831499 
227.848 385.707 0.820008 
313.84 371.397 0.92668 
278.152 282.921 0.802026 
275.622 354.721 0.464708 
302.053 411.991 0.783122 
244.578 455.113 0.688299 
220.557 455.127 0.682857 
234.906 620.227 0.825826 
222.988 775.87 0.791166 
275.562 455.116 0.703279 
263.759 622.713 0.765455 
256.618 770.916 0.791545 
218.139 199.07 0.938087 
230.2 184.74 0.818512 
199.062 223.104 0.880598 
0 0 0 
278.052 814.056 0.660704 
292.379 806.882 0.696761 
251.763 775.87 0.529715 
249.333 818.831 0.718663 
227.789 816.523 0.680835 
220.64 790.116 0.646895 
