232.646 201.57 0.920761 
239.918 285.255 0.809753 
213.443 285.242 0.795761 
179.896 378.572 0.882849 
258.837 395.311 0.854803 
278.025 282.873 0.752548 
297.207 354.68 0.299947 
302.04 393.002 0.358362 
239.708 455.166 0.70973 
220.602 455.109 0.684428 
239.718 610.698 0.838194 
206.288 773.397 0.817928 
258.848 457.521 0.674818 
270.896 613.04 0.751502 
249.347 773.434 0.714687 
215.828 201.568 0.915317 
230.192 194.334 0.800288 
196.742 232.618 0.799891 
0 0 0 
280.503 816.446 0.58198 
292.363 809.229 0.631839 
239.82 783.018 0.351284 
246.986 814.085 0.703354 
223.032 814.034 0.671511 
198.989 780.566 0.721895 
