230.245 203.921 0.886801 
244.608 282.881 0.813868 
211.08 287.641 0.789437 
158.387 371.357 0.905531 
237.303 395.309 0.842165 
282.865 280.419 0.828029 
314.037 371.34 0.715298 
297.273 407.282 0.425734 
239.89 450.312 0.720534 
220.617 448.029 0.724411 
239.837 610.704 0.831732 
203.941 773.443 0.821211 
261.396 450.332 0.657562 
273.231 613.055 0.761319 
247.001 775.762 0.716413 
213.499 203.943 0.872333 
227.866 196.727 0.843559 
199.019 234.946 0.826434 
0 0 0 
292.388 816.52 0.634142 
294.803 809.312 0.680445 
239.835 787.79 0.312789 
251.725 816.433 0.6677 
223.025 814.109 0.649443 
194.342 782.953 0.704682 
