234.947 220.767 0.917426 
239.815 294.747 0.924199 
203.862 290.064 0.814447 
143.967 371.417 0.931258 
208.724 419.234 0.800218 
275.76 294.889 0.915247 
294.846 373.753 0.67334 
294.792 424.01 0.778115 
254.16 469.483 0.762696 
227.837 469.491 0.697346 
270.928 636.961 0.821664 
203.975 773.448 0.835029 
277.969 469.477 0.7705 
290.027 634.602 0.724261 
251.737 775.886 0.74037 
215.889 220.66 0.936193 
235.027 213.462 0.899984 
199.002 242.265 0.861866 
0 0 0 
294.781 816.524 0.655936 
294.846 811.577 0.675276 
242.185 792.493 0.323303 
251.734 816.473 0.713958 
223.065 814.089 0.696049 
194.253 780.545 0.746404 
