237.482 244.563 0.923313 
237.474 321.156 0.882185 
201.527 316.291 0.89788 
168.035 409.664 0.877099 
223.017 407.284 0.860512 
273.329 332.986 0.848606 
287.611 426.366 0.660519 
311.53 409.744 0.842898 
258.9 488.68 0.77864 
237.326 491.104 0.70986 
294.805 627.45 0.834102 
223.029 756.672 0.823307 
280.522 486.266 0.738778 
301.959 637.01 0.760041 
256.621 782.955 0.693034 
220.6 239.902 0.957074 
239.756 235.015 0.936734 
201.495 263.689 0.852284 
0 0 0 
297.233 825.996 0.682656 
297.246 814.019 0.730466 
244.627 794.974 0.309575 
258.89 816.443 0.634918 
237.337 809.273 0.550373 
208.675 759.118 0.724266 
