237.387 237.411 0.966303 
239.89 309.152 0.860637 
206.249 297.297 0.846364 
184.731 390.597 0.883857 
225.477 335.447 0.848556 
278.004 314.023 0.892785 
316.266 402.53 0.730016 
301.963 359.462 0.678574 
256.563 471.926 0.760392 
234.978 474.331 0.695248 
302.006 598.741 0.828503 
225.423 732.671 0.781143 
278.118 469.56 0.739179 
280.526 617.792 0.699068 
256.459 773.411 0.764851 
220.535 237.245 0.931031 
239.714 223.002 0.950466 
201.481 256.487 0.909176 
0 0 0 
287.675 814.17 0.684858 
294.746 809.293 0.718701 
239.82 780.619 0.519117 
235.016 780.537 0.648591 
220.581 773.44 0.654296 
215.781 735.027 0.665389 
