237.387 237.411 0.966334 
239.892 309.153 0.86057 
206.249 297.297 0.845962 
184.732 390.597 0.883661 
225.479 335.444 0.848322 
278.008 314.023 0.893293 
316.277 402.518 0.735342 
301.977 359.435 0.678206 
256.56 471.93 0.75999 
234.979 476.642 0.694472 
302.009 598.739 0.828454 
225.419 732.684 0.784879 
278.119 469.563 0.739368 
280.529 617.803 0.70036 
256.458 773.403 0.76536 
220.535 237.245 0.931055 
239.714 223.003 0.950505 
201.481 256.487 0.909151 
0 0 0 
287.662 814.161 0.686527 
294.738 809.286 0.720138 
239.821 780.616 0.516022 
235.027 780.546 0.652055 
220.583 773.447 0.657992 
215.782 735.034 0.666853 
