235.014 218.327 0.940173 
242.218 282.918 0.831468 
206.257 282.822 0.819695 
199.035 364.183 0.836151 
234.949 309.154 0.797291 
280.541 285.256 0.815099 
332.973 352.21 0.864624 
297.276 337.968 0.745483 
256.436 457.553 0.69583 
237.323 459.938 0.679258 
292.426 601.073 0.809945 
223.085 754.207 0.767592 
275.58 455.134 0.644231 
275.756 610.696 0.71331 
256.477 775.889 0.726029 
218.182 218.206 0.940152 
237.396 203.94 0.942177 
199.148 239.697 0.944808 
0 0 0 
294.763 821.295 0.721679 
297.171 811.77 0.759587 
239.826 792.594 0.343652 
251.774 814.006 0.503021 
230.195 806.907 0.451562 
211.028 756.706 0.65399 
