237.272 215.863 0.926663 
246.947 278.096 0.868896 
201.541 285.222 0.84794 
203.959 352.126 0.859221 
223.042 294.833 0.690451 
292.44 273.291 0.864098 
325.93 333.192 0.79534 
294.867 333.055 0.728582 
256.516 445.568 0.687239 
237.469 445.588 0.678966 
263.741 603.587 0.803029 
232.616 773.303 0.781926 
275.586 445.567 0.589882 
285.288 610.648 0.756097 
256.568 773.424 0.755491 
218.205 211.099 0.904042 
237.425 201.393 0.981335 
199.016 234.949 0.84353 
251.687 199.199 0.0688143 
297.273 818.885 0.67565 
301.969 811.633 0.719383 
244.606 787.704 0.22722 
263.728 828.385 0.559057 
239.737 818.906 0.518107 
218.23 778.153 0.677338 
