237.441 223.113 0.937812 
242.157 294.739 0.882536 
199.121 297.316 0.882717 
211.095 345.024 0.786431 
220.656 282.89 0.79275 
290.036 282.819 0.820183 
325.905 347.481 0.795991 
294.849 333.105 0.794246 
256.59 450.406 0.693204 
239.857 450.411 0.672756 
258.969 615.404 0.835655 
220.728 782.956 0.804727 
273.244 452.767 0.575959 
294.788 620.18 0.848244 
256.449 775.754 0.832204 
220.578 220.673 0.968842 
239.747 215.799 0.929472 
199.049 239.821 0.886608 
0 0 0 
292.458 816.541 0.691355 
297.231 811.566 0.752263 
244.613 785.341 0.381213 
256.466 828.441 0.689543 
232.625 826.066 0.617764 
213.486 792.539 0.706264 
