246.944 242.276 0.869809 
242.186 311.612 0.841184 
208.733 299.682 0.820085 
220.783 373.685 0.913858 
256.442 304.399 0.847877 
275.732 316.379 0.789442 
337.861 392.882 0.870468 
321.153 352.239 0.840711 
259.054 479.099 0.714111 
237.418 481.482 0.702565 
278.109 613.104 0.837793 
251.739 780.554 0.600178 
287.624 476.697 0.656775 
309.134 620.317 0.832707 
244.552 770.937 0.675576 
232.584 239.86 0.905666 
251.699 235.011 0.865392 
211.092 259.015 0.852226 
0 0 0 
301.99 821.207 0.412329 
302.012 811.751 0.41084 
222.992 773.451 0.442253 
299.59 818.904 0.512755 
282.893 828.415 0.39777 
237.336 797.305 0.554962 
