249.385 244.638 0.857528 
244.541 313.857 0.833749 
213.503 304.429 0.813185 
223.123 373.799 0.887097 
256.476 311.551 0.870811 
278.005 316.298 0.826584 
337.883 392.904 0.860899 
316.398 352.261 0.823579 
258.905 486.258 0.780457 
235.017 486.294 0.726746 
278.184 603.62 0.84999 
249.353 771.016 0.618537 
282.864 486.219 0.705353 
313.845 622.564 0.880556 
249.32 763.795 0.630361 
234.91 239.923 0.897417 
254.076 237.272 0.88968 
211.063 261.288 0.820711 
0 0 0 
299.594 825.974 0.432995 
299.659 814.07 0.438642 
223.08 768.639 0.356342 
282.827 828.391 0.596086 
263.696 828.399 0.492936 
235.013 782.973 0.533194 
