249.371 249.367 0.857173 
247.008 313.971 0.8463 
218.127 311.487 0.853864 
225.493 376.21 0.843393 
256.522 313.917 0.895644 
280.435 316.383 0.798013 
337.951 392.847 0.845453 
314.026 354.697 0.824469 
256.522 486.32 0.76609 
230.234 488.586 0.690793 
280.48 603.614 0.837019 
251.714 766.201 0.65368 
278.168 486.271 0.734915 
314.06 622.611 0.887315 
251.764 766.231 0.590259 
234.912 242.238 0.882172 
254.075 237.337 0.90783 
211.089 261.365 0.812772 
0 0 0 
297.199 823.594 0.380627 
297.241 811.743 0.396069 
223.069 775.777 0.290218 
282.903 821.228 0.554486 
263.732 818.889 0.473374 
234.978 775.796 0.504095 
