249.329 256.583 0.914202 
258.822 330.615 0.881466 
215.839 330.669 0.845291 
237.402 390.469 0.897084 
244.538 318.833 0.770273 
299.609 323.575 0.830693 
335.495 390.599 0.909422 
297.199 369.013 0.849512 
239.834 493.459 0.719252 
220.679 491.102 0.708615 
278.128 620.171 0.860546 
254.166 782.963 0.694811 
258.998 498.213 0.632403 
330.657 641.679 0.864015 
244.576 778.143 0.713002 
232.591 256.39 0.900479 
254.056 242.143 0.902169 
208.67 273.321 0.821215 
0 0 0 
294.84 816.524 0.380911 
294.768 811.69 0.383344 
223.071 787.703 0.519753 
282.903 826.009 0.547301 
268.487 828.367 0.476614 
237.459 792.552 0.557714 
