239.893 220.687 0.944802 
244.607 292.369 0.84627 
187.174 292.464 0.818227 
108.221 368.958 0.865258 
163.128 428.798 0.944549 
309.139 287.606 0.781608 
373.783 357.05 0.909382 
313.83 390.484 0.936488 
246.935 452.743 0.675994 
215.766 452.779 0.661777 
218.256 637.02 0.84205 
232.626 775.819 0.820034 
278.163 450.373 0.699549 
278.11 625.035 0.862973 
278.079 775.855 0.794408 
230.24 211.063 0.845684 
256.487 208.722 0.888947 
215.773 218.321 0.831233 
275.559 218.208 0.80962 
275.687 825.988 0.801717 
294.767 816.5 0.793991 
275.65 787.7 0.653015 
203.931 818.848 0.732491 
196.743 811.709 0.764053 
242.153 787.732 0.814523 
