251.729 275.718 0.9163 
256.528 349.844 0.896711 
211.027 352.31 0.854726 
234.976 414.417 0.854976 
239.754 352.25 0.853177 
299.615 340.331 0.822529 
333.208 416.847 0.826976 
306.775 380.93 0.689358 
242.218 519.784 0.720444 
223.021 517.375 0.692849 
297.19 629.813 0.851435 
239.86 787.71 0.765806 
263.703 524.439 0.683351 
335.548 651.323 0.79984 
258.932 775.717 0.780185 
234.986 273.287 0.907937 
256.441 261.295 0.934462 
213.468 290.067 0.801885 
0 0 0 
297.295 821.283 0.583094 
297.291 811.732 0.604699 
244.557 778.18 0.22722 
273.267 833.153 0.684075 
249.361 830.799 0.574075 
225.463 792.553 0.632685 
