256.599 251.781 0.934058 
254.13 316.44 0.894448 
213.401 311.556 0.839797 
220.693 371.282 0.902107 
254.068 309.157 0.804099 
294.779 325.952 0.828829 
335.439 397.731 0.834146 
316.319 361.795 0.76821 
258.983 486.251 0.762107 
235.037 486.267 0.72595 
297.275 593.895 0.854039 
256.478 751.838 0.64667 
289.981 486.28 0.706659 
321.156 625.004 0.801898 
254.116 756.69 0.584608 
239.754 242.208 0.940608 
259.04 237.436 0.956588 
220.556 258.926 0.90103 
275.762 239.743 0.0885543 
290.029 814.124 0.263639 
292.413 809.214 0.282262 
225.442 773.444 0.389975 
294.82 814.015 0.553862 
275.728 814.018 0.478509 
237.361 768.573 0.557694 
