256.551 237.431 0.976616 
256.589 304.438 0.886326 
213.48 299.564 0.860846 
222.994 357.062 0.855712 
239.806 294.895 0.822318 
299.607 311.52 0.861634 
333.041 371.482 0.695845 
316.274 352.194 0.720248 
256.586 469.486 0.744746 
234.973 467.12 0.694494 
294.919 598.68 0.849862 
254.186 766.198 0.642981 
278.161 471.909 0.694358 
313.923 617.852 0.787393 
247.012 754.312 0.667965 
239.688 234.919 0.932702 
258.977 220.772 0.948771 
218.337 249.341 0.832038 
275.699 220.749 0.0919411 
282.837 816.45 0.251865 
282.879 806.891 0.275496 
225.419 756.687 0.455894 
290.033 814.15 0.59239 
270.922 814.164 0.522203 
237.349 775.773 0.524188 
