256.426 234.926 0.91955 
258.984 297.204 0.926998 
215.869 304.428 0.822504 
223.024 354.559 0.879797 
232.581 297.233 0.723564 
309.12 292.47 0.835666 
335.621 354.622 0.868898 
297.307 333.098 0.730103 
258.919 462.268 0.696762 
239.876 457.536 0.68864 
270.901 601.198 0.826388 
258.909 775.843 0.719646 
275.747 464.698 0.623737 
301.987 615.456 0.762185 
242.234 768.585 0.722965 
237.377 225.433 0.922656 
258.817 218.336 0.965596 
218.164 244.569 0.836054 
275.575 220.689 0.0786414 
239.801 811.728 0.413001 
254.128 811.608 0.496879 
230.16 775.731 0.601264 
273.289 814.178 0.569212 
256.45 811.72 0.538697 
258.872 790.158 0.416319 
