256.408 235.045 0.932251 
258.858 297.307 0.930908 
215.781 306.741 0.814573 
223.042 354.621 0.882233 
234.918 297.2 0.771359 
302.033 294.824 0.866626 
335.613 354.753 0.859379 
309.197 335.4 0.73044 
258.87 467.158 0.734593 
239.772 467.101 0.722532 
273.199 608.259 0.787567 
256.539 778.249 0.715073 
275.76 469.52 0.653172 
306.76 620.171 0.798121 
242.22 773.393 0.758047 
237.367 227.85 0.913611 
256.63 220.592 0.969438 
218.118 246.96 0.810232 
0 0 0 
254.146 826.001 0.232024 
261.355 816.437 0.305611 
225.403 778.228 0.55576 
278.13 828.436 0.672926 
258.985 828.372 0.579312 
246.93 792.544 0.480603 
