256.408 235.043 0.932069 
258.858 297.313 0.929818 
215.783 306.744 0.815064 
223.044 354.622 0.882135 
234.929 297.205 0.773974 
302.031 294.831 0.867809 
335.619 354.77 0.851866 
309.199 335.399 0.716234 
258.866 467.167 0.734309 
239.769 467.113 0.723071 
273.194 608.263 0.786702 
256.537 780.55 0.710672 
275.754 469.527 0.652987 
306.759 620.171 0.798339 
242.21 773.397 0.760831 
237.366 227.849 0.913425 
256.629 220.59 0.969593 
218.118 246.961 0.810359 
0 0 0 
251.769 826.001 0.237945 
0 0 0 
225.396 778.234 0.559829 
278.138 828.444 0.671642 
258.987 828.389 0.577261 
246.93 792.572 0.479475 
