256.395 237.302 0.936114 
256.502 299.691 0.907633 
208.7 299.584 0.854053 
225.406 357.06 0.834932 
239.728 297.151 0.870041 
297.288 302.011 0.863918 
337.908 373.693 0.86427 
316.288 335.443 0.80152 
261.358 471.923 0.727303 
239.705 471.962 0.710731 
290.009 620.3 0.834003 
256.475 775.878 0.748419 
290.03 471.947 0.681595 
306.757 622.762 0.784064 
244.629 773.363 0.690533 
237.364 230.2 0.912744 
256.627 220.669 0.961636 
215.896 246.953 0.809502 
0 0 0 
275.66 826.034 0.226048 
275.67 814.084 0.25337 
225.434 778.14 0.45495 
278.09 828.435 0.676056 
259.026 826.06 0.5789 
239.86 787.775 0.571321 
