256.514 237.395 0.969318 
256.456 304.385 0.870287 
211.032 297.207 0.876717 
227.821 354.614 0.872669 
254.05 297.112 0.861082 
294.9 313.834 0.872685 
342.714 383.371 0.800237 
318.743 333.156 0.846865 
268.514 476.706 0.697529 
239.844 476.708 0.709407 
292.41 608.266 0.807293 
259.057 780.568 0.671708 
294.819 479.042 0.725367 
304.384 622.565 0.737661 
242.204 766.201 0.727044 
237.447 232.605 0.918079 
258.93 223.003 0.945279 
218.211 251.737 0.844838 
0 0 0 
242.192 811.598 0.244053 
254.13 806.907 0.268566 
230.188 773.446 0.631752 
282.891 823.64 0.594338 
263.78 818.889 0.509394 
256.521 794.961 0.570678 
