256.47 239.781 0.96207 
256.555 311.579 0.908698 
211.09 299.595 0.847302 
232.608 357.107 0.859777 
254.158 297.268 0.86599 
297.169 314.056 0.900684 
342.668 388.096 0.824852 
328.256 345.04 0.787924 
261.317 483.853 0.732044 
237.402 483.796 0.713992 
294.715 603.515 0.863563 
261.406 778.189 0.683569 
292.339 486.165 0.697534 
316.278 622.657 0.884856 
249.346 763.796 0.696721 
237.389 237.359 0.96029 
258.848 225.483 0.918532 
218.149 256.519 0.902405 
0 0 0 
280.459 830.699 0.152163 
0 0 0 
232.622 773.395 0.639969 
292.448 828.459 0.756238 
275.654 828.405 0.66151 
256.482 792.516 0.570398 
