254.093 258.956 0.928995 
258.904 330.684 0.897381 
218.122 333.171 0.889806 
237.433 383.341 0.860158 
239.814 314.061 0.856897 
302.004 318.831 0.829359 
345.025 390.638 0.841783 
318.734 357.128 0.801262 
244.602 493.435 0.688028 
225.472 488.699 0.692667 
282.847 620.272 0.831689 
266.149 790.142 0.674756 
263.725 502.942 0.635137 
333.092 641.698 0.884841 
244.564 773.343 0.761106 
235.006 256.543 0.938326 
256.483 246.921 0.904325 
211.048 275.712 0.840412 
0 0 0 
246.979 821.243 0.367862 
256.562 816.509 0.445132 
230.181 775.738 0.726556 
290.003 828.448 0.621853 
270.913 828.429 0.552251 
258.99 797.37 0.497797 
