256.401 275.587 0.939562 
258.963 340.349 0.87087 
218.169 352.272 0.899491 
239.684 395.414 0.836605 
237.434 337.863 0.839332 
306.803 333.113 0.87189 
345.038 404.906 0.776882 
316.42 390.424 0.798298 
244.568 502.925 0.710448 
225.462 495.821 0.680425 
294.703 620.348 0.866439 
263.684 792.445 0.709882 
261.369 505.394 0.673323 
333.181 644.142 0.83209 
249.401 773.298 0.758066 
237.331 268.533 0.897727 
256.622 258.963 0.965761 
215.847 287.672 0.808983 
0 0 0 
244.578 825.982 0.275091 
256.564 821.217 0.324169 
232.613 773.48 0.707806 
292.405 830.773 0.678595 
273.287 830.789 0.599344 
256.506 797.353 0.54914 
