256.548 237.289 0.954142 
258.825 297.221 0.936162 
208.708 297.18 0.877485 
213.436 352.331 0.871462 
234.996 290.075 0.74159 
304.366 297.21 0.868926 
323.511 366.61 0.789653 
297.265 335.594 0.758164 
254.084 464.671 0.700266 
227.821 459.947 0.655168 
259.003 608.349 0.834722 
237.272 775.834 0.786674 
275.663 467.04 0.684448 
304.36 622.6 0.822464 
256.59 768.636 0.826037 
237.511 225.48 0.92901 
261.273 220.588 0.961627 
218.3 239.915 0.889015 
275.794 225.419 0.322508 
285.255 814.14 0.640336 
294.729 809.241 0.718629 
249.384 775.781 0.410091 
256.458 828.456 0.662459 
237.327 826.062 0.597291 
223.089 790.089 0.626706 
