256.536 239.671 0.979857 
258.898 299.671 0.903073 
213.48 302.033 0.8258 
213.488 371.344 0.852728 
220.708 316.373 0.552954 
306.759 297.303 0.8706 
328.352 371.326 0.845647 
292.399 345.08 0.764541 
254.177 464.706 0.724901 
227.783 462.317 0.675793 
256.511 617.903 0.862043 
227.844 778.155 0.752197 
278.031 467.051 0.697282 
309.195 625.083 0.815789 
256.53 768.567 0.818066 
239.692 232.626 0.931289 
261.288 223.068 0.912656 
218.325 246.949 0.865958 
277.999 234.966 0.288983 
292.392 816.508 0.640646 
297.162 811.592 0.718572 
249.333 775.695 0.454417 
254.128 828.452 0.675871 
234.944 828.366 0.597261 
218.304 790.092 0.651184 
