256.471 242.208 0.929252 
258.839 311.578 0.912627 
213.435 313.989 0.83727 
213.455 392.935 0.819648 
213.49 333.138 0.361521 
302.038 304.361 0.813796 
330.679 373.816 0.802382 
294.791 368.928 0.613845 
249.394 474.271 0.684214 
223.095 469.587 0.685191 
256.488 620.344 0.866967 
220.741 780.568 0.79851 
275.589 479.077 0.666273 
311.539 634.549 0.795122 
256.636 768.554 0.841134 
237.473 237.475 0.97149 
259.017 232.606 0.909769 
218.245 256.441 0.892347 
275.748 239.708 0.304282 
285.276 818.843 0.661397 
294.863 811.634 0.739326 
251.748 773.434 0.593865 
254.099 828.453 0.682808 
230.185 828.415 0.627494 
215.853 792.456 0.691149 
