254.082 256.456 0.912155 
258.842 328.278 0.901199 
211.04 337.964 0.805207 
196.637 440.81 0.822691 
201.477 373.712 0.733184 
309.188 311.497 0.813021 
333.105 390.5 0.886051 
313.976 438.36 0.846979 
246.965 486.323 0.71327 
220.56 486.287 0.731046 
261.296 622.765 0.83856 
220.682 790.081 0.829434 
275.734 488.663 0.700116 
299.675 639.408 0.80109 
258.954 773.265 0.852713 
237.331 244.583 0.895662 
258.884 239.817 0.967935 
218.162 259.017 0.875821 
273.239 249.326 0.268877 
287.636 816.484 0.732261 
297.166 809.309 0.81386 
254.137 775.854 0.644478 
254.079 830.731 0.727843 
230.224 830.715 0.695047 
213.477 794.972 0.738527 
