244.583 251.732 0.856049 
256.512 313.845 0.916299 
211.065 328.34 0.78423 
191.895 433.606 0.812825 
199.212 354.636 0.738445 
297.311 294.827 0.883063 
337.884 385.78 0.834172 
316.45 467.119 0.914969 
256.441 467.117 0.72378 
220.669 467.142 0.737579 
256.465 620.251 0.859794 
220.635 787.754 0.829437 
285.228 467.137 0.643466 
297.137 622.633 0.808413 
258.947 773.377 0.864575 
232.62 239.857 0.915535 
256.434 237.443 0.93862 
213.432 256.575 0.836388 
266.153 242.269 0.338187 
290 818.831 0.705886 
297.195 811.614 0.795025 
254.109 778.177 0.632223 
251.79 830.804 0.710155 
230.187 830.775 0.671015 
213.488 794.915 0.724648 
