234.957 203.916 0.892945 
232.544 268.477 0.786103 
194.326 290.021 0.685055 
163.225 373.842 0.73942 
189.507 304.38 0.269572 
263.747 244.6 0.798252 
335.58 311.531 0.85782 
332.994 392.857 0.889425 
258.878 428.817 0.741903 
223.07 431.203 0.709909 
227.866 603.623 0.793888 
218.344 763.859 0.778033 
294.726 426.401 0.702024 
301.975 622.592 0.820653 
299.659 756.735 0.723541 
218.343 199.01 0.947627 
242.167 199.002 0.902501 
199.115 208.708 0.814982 
258.877 203.918 0.685803 
294.799 809.255 0.655817 
311.533 804.483 0.630491 
297.134 768.559 0.572142 
218.243 816.452 0.693304 
201.585 811.665 0.647563 
220.727 773.406 0.606027 
