232.629 201.434 0.923392 
220.625 273.195 0.881483 
168.055 292.341 0.790266 
163.196 373.847 0.920694 
199.091 304.383 0.850328 
273.245 254.111 0.818995 
352.141 299.688 0.875515 
316.287 373.747 0.917052 
254.044 428.885 0.712653 
218.248 438.375 0.707311 
227.785 617.802 0.805181 
220.531 773.421 0.838649 
282.862 421.64 0.679604 
321.114 603.572 0.840173 
371.411 751.889 0.797866 
218.274 191.893 0.900862 
242.172 191.935 0.85649 
196.694 201.617 0.855086 
258.846 201.548 0.748518 
381.011 792.619 0.738285 
395.277 785.335 0.714551 
368.993 759.01 0.631396 
223.053 816.545 0.776835 
208.647 814.079 0.729705 
220.727 778.239 0.663497 
