249.364 234.898 0.858616 
234.906 311.62 0.877118 
177.509 302.03 0.817386 
129.78 407.19 0.817271 
180.006 376.206 0.863122 
290.018 316.331 0.84892 
354.72 395.418 0.874039 
278.044 416.888 0.769522 
237.285 476.681 0.703563 
199.118 483.876 0.712158 
218.178 641.776 0.851293 
220.61 780.579 0.836069 
273.198 469.51 0.702871 
345.068 622.662 0.834467 
428.896 756.617 0.809097 
237.256 220.642 0.93784 
258.889 220.541 0.956201 
218.113 237.471 0.860888 
275.6 234.917 0.564591 
445.597 794.963 0.737338 
455.165 785.354 0.698665 
431.175 763.818 0.575305 
220.598 818.87 0.814849 
203.917 814.118 0.796218 
225.41 790.152 0.738257 
