254.143 237.328 0.933211 
237.4 316.267 0.935818 
179.997 309.134 0.832511 
124.92 395.349 0.884838 
175.207 373.722 0.855384 
294.791 323.498 0.831625 
354.682 409.774 0.929688 
275.558 426.457 0.799613 
237.268 479.066 0.704409 
199.163 483.855 0.716255 
218.204 641.808 0.859284 
220.557 780.564 0.835173 
268.517 471.89 0.686258 
337.979 622.76 0.846163 
426.403 761.474 0.754965 
237.455 225.417 0.922325 
261.377 220.752 0.901069 
220.584 242.225 0.855592 
278.086 239.751 0.748932 
438.425 804.473 0.702773 
450.406 792.565 0.739545 
426.448 773.357 0.593173 
220.58 818.91 0.802974 
203.895 814.146 0.782682 
223.083 790.124 0.736127 
