259.029 237.468 0.938598 
244.591 313.978 0.901783 
194.326 297.34 0.849997 
122.561 373.867 0.906494 
177.56 342.639 0.785356 
299.585 328.331 0.827779 
354.547 424.033 0.886709 
273.198 426.439 0.782663 
235.05 471.932 0.727271 
199.169 474.304 0.713891 
218.351 639.43 0.879106 
220.584 780.578 0.836087 
268.479 469.543 0.707229 
330.688 625.105 0.846802 
395.369 771.002 0.755734 
244.606 230.226 0.849844 
273.327 223.112 0.892784 
232.612 244.577 0.826949 
287.624 239.739 0.650838 
412.102 811.716 0.767812 
428.723 802.092 0.774491 
393.011 778.147 0.657016 
220.638 818.903 0.805932 
203.93 814.148 0.782745 
223.102 790.161 0.74065 
