268.515 218.204 0.901675 
266.145 287.613 0.83096 
215.833 270.869 0.834265 
141.615 340.297 0.851233 
203.966 309.183 0.822767 
318.82 299.695 0.813966 
361.786 397.759 0.811478 
278.103 397.709 0.787551 
237.416 445.523 0.739239 
201.549 443.176 0.682698 
218.275 620.285 0.855548 
218.172 775.714 0.809757 
273.222 445.505 0.699223 
311.511 617.814 0.836863 
349.89 766.186 0.767805 
256.436 208.64 0.87556 
278.088 201.532 0.946399 
239.894 220.766 0.736614 
299.606 218.15 0.83746 
354.754 811.704 0.736171 
371.387 802.094 0.709204 
342.671 773.449 0.647666 
220.619 821.21 0.769948 
203.901 814.164 0.735686 
218.298 780.57 0.656869 
