275.767 206.298 0.914015 
290.064 278.145 0.893945 
237.446 278.1 0.890029 
184.848 376.218 0.84462 
251.69 335.4 0.852734 
337.937 278.149 0.860228 
392.989 371.442 0.914305 
325.932 409.644 0.852562 
258.95 445.545 0.745858 
220.779 443.134 0.69938 
199.103 601.19 0.86025 
151.208 759.095 0.733143 
297.11 447.931 0.752926 
299.635 625.123 0.811061 
318.831 773.399 0.800144 
261.301 201.447 0.932114 
287.664 196.738 0.882849 
256.397 218.322 0.733534 
311.59 203.888 0.813851 
325.945 816.504 0.7652 
340.257 811.71 0.786766 
316.344 778.193 0.767729 
144.01 814.154 0.728837 
127.363 809.259 0.651233 
151.241 770.947 0.547895 
