275.685 234.97 0.915437 
294.802 314.001 0.937065 
239.783 318.805 0.852126 
199.108 428.908 0.951518 
244.59 390.482 0.839072 
347.502 306.821 0.781097 
407.318 388.14 0.87547 
345.089 431.153 0.838316 
273.314 467.093 0.736807 
237.319 464.755 0.753729 
191.97 617.837 0.804111 
127.315 763.843 0.747932 
311.479 469.446 0.700456 
314.045 648.923 0.823083 
318.73 775.749 0.840748 
261.28 223.115 0.886276 
285.292 220.61 0.883857 
256.497 244.556 0.636846 
311.564 234.971 0.818386 
325.938 816.499 0.789679 
340.281 811.709 0.809377 
314.015 780.569 0.756104 
120.079 816.432 0.703 
105.746 809.301 0.647413 
124.978 773.34 0.56114 
