275.687 234.97 0.915785 
294.803 314.001 0.937469 
239.785 318.802 0.852469 
199.109 428.905 0.951993 
244.593 390.477 0.838127 
347.503 306.822 0.781553 
407.314 388.142 0.876345 
345.099 431.151 0.837785 
273.333 467.092 0.738584 
237.335 464.753 0.755612 
191.975 617.832 0.803947 
127.312 763.839 0.750636 
311.496 469.444 0.703687 
314.046 646.622 0.823842 
318.73 775.75 0.840728 
261.28 223.118 0.885819 
285.294 220.609 0.884213 
256.496 244.557 0.640975 
311.566 234.97 0.819025 
325.937 816.5 0.789557 
340.28 811.71 0.809403 
314.016 780.57 0.755316 
120.083 816.435 0.704721 
105.741 809.301 0.649198 
124.983 773.333 0.562678 
