273.25 239.869 0.928132 
287.632 321.18 0.821376 
237.282 333.117 0.844733 
199.189 445.621 0.912805 
220.539 390.502 0.870669 
337.866 314.02 0.877903 
409.636 383.352 0.857285 
352.258 431.28 0.889986 
277.977 474.264 0.725692 
239.818 474.278 0.717829 
199.192 622.603 0.88644 
141.578 768.639 0.80765 
313.92 474.266 0.71835 
313.882 648.97 0.815394 
316.499 775.763 0.836985 
258.883 237.295 0.947073 
280.509 232.616 0.873565 
247.007 254.128 0.608948 
302.022 242.204 0.805131 
323.578 816.448 0.799424 
337.976 811.676 0.82147 
314.023 780.577 0.742906 
122.46 816.541 0.769824 
105.886 811.606 0.691861 
141.598 775.749 0.606774 
