220.739 261.282 0.92104 
227.822 321.109 0.832802 
177.552 333.141 0.834156 
103.413 414.54 0.885035 
148.878 469.445 0.884139 
280.456 313.848 0.863376 
352.26 383.313 0.862116 
314.033 467.049 0.916096 
237.246 486.24 0.723864 
199.127 486.272 0.744498 
175.171 646.531 0.795152 
201.58 780.535 0.855519 
270.903 486.224 0.688793 
337.852 641.741 0.883777 
421.664 775.822 0.778382 
211.112 254.096 0.874868 
237.292 251.776 0.898342 
194.332 256.623 0.835616 
254.106 256.432 0.783697 
424.047 826.048 0.709388 
438.359 816.455 0.689323 
428.838 780.574 0.5896 
199.085 826.057 0.80403 
182.419 816.546 0.803421 
215.863 790.069 0.783131 
