261.367 199.17 0.93938 
256.612 275.755 0.927996 
203.856 280.537 0.82963 
182.345 392.881 0.905141 
218.25 318.824 0.82052 
309.159 273.253 0.81475 
383.402 337.897 0.857944 
318.708 392.877 0.83566 
263.724 436.005 0.692871 
232.601 440.787 0.673818 
220.708 608.259 0.81436 
201.403 763.815 0.769375 
297.339 431.287 0.717739 
313.995 613.047 0.85834 
335.566 771.024 0.763061 
251.786 184.843 0.871079 
275.769 187.194 0.908438 
232.61 201.466 0.829695 
292.469 201.591 0.722232 
333.01 813.988 0.823594 
349.872 811.581 0.765694 
335.535 775.793 0.632528 
203.955 816.446 0.735677 
189.567 811.719 0.680781 
199.18 773.332 0.567764 
