256.425 237.257 0.923372 
237.267 318.743 0.89932 
179.874 313.949 0.869176 
144.106 409.548 0.900575 
196.7 409.568 0.830692 
292.459 330.684 0.836031 
342.661 407.329 0.837808 
285.24 428.698 0.732154 
235.012 483.882 0.710035 
199.063 486.218 0.727455 
199.198 641.796 0.846053 
211.116 780.606 0.791055 
270.892 481.45 0.686847 
335.526 622.617 0.88607 
409.735 737.417 0.847135 
239.852 220.734 0.93384 
266.142 223.021 0.855475 
220.737 237.354 0.853585 
278.16 239.799 0.731779 
431.186 778.181 0.809471 
443.215 770.965 0.79787 
412.026 742.269 0.594448 
211.09 818.911 0.781556 
199.017 814.147 0.812732 
218.285 792.456 0.792414 
