239.907 203.899 0.927559 
239.756 275.628 0.912309 
187.145 275.592 0.827768 
170.403 335.487 0.856044 
218.308 275.768 0.870864 
292.387 275.671 0.868434 
321.146 364.236 0.774446 
294.833 337.931 0.783943 
256.439 438.407 0.696093 
225.421 436.046 0.647034 
256.485 605.944 0.83867 
211.116 773.371 0.761814 
278.17 438.407 0.669931 
275.765 617.882 0.83928 
249.335 790.128 0.679839 
225.42 199.076 0.922582 
254.073 194.329 0.871346 
201.52 213.403 0.818242 
263.762 199.193 0.336797 
285.238 830.709 0.642493 
287.674 816.463 0.702516 
237.449 799.769 0.437862 
234.99 816.487 0.683401 
213.463 814.026 0.647569 
199.178 778.249 0.601198 
