239.901 220.732 0.938136 
244.588 292.365 0.849205 
187.167 294.693 0.823869 
108.199 371.252 0.883217 
163.14 431.129 0.950886 
306.802 285.279 0.783083 
373.809 357.023 0.905825 
313.839 390.502 0.929535 
247.003 450.395 0.676261 
215.808 450.399 0.67742 
206.295 636.945 0.811584 
218.362 775.838 0.86207 
280.446 450.339 0.694136 
278.192 625.112 0.845279 
278.209 778.162 0.777525 
232.554 213.405 0.853957 
256.499 211.102 0.897001 
215.77 218.345 0.834803 
273.327 218.26 0.824536 
275.762 826.025 0.776369 
294.884 816.504 0.767804 
275.716 787.793 0.698186 
187.138 818.815 0.714196 
179.99 811.675 0.734909 
232.563 790.095 0.7767 
