239.809 218.137 0.955151 
251.725 278.127 0.856723 
201.511 280.523 0.81641 
180.063 330.68 0.897658 
213.465 261.31 0.776948 
297.189 275.75 0.899871 
325.966 352.12 0.755329 
278.13 335.573 0.47034 
251.77 452.804 0.663558 
235.011 452.735 0.65523 
254.107 608.256 0.795066 
234.985 778.218 0.716484 
266.117 459.894 0.601164 
280.431 610.717 0.787123 
242.175 778.167 0.663765 
223.04 208.644 0.89247 
246.93 201.473 0.918594 
201.594 220.749 0.84916 
259.016 203.904 0.217676 
290.002 830.789 0.585293 
292.389 821.202 0.555512 
218.232 792.572 0.258886 
278.003 830.89 0.496442 
258.917 833.195 0.387821 
218.253 792.58 0.590717 
