239.81 218.138 0.955185 
251.722 278.126 0.856301 
201.511 280.521 0.816185 
180.065 330.676 0.896313 
213.465 261.31 0.777088 
297.184 275.751 0.900246 
328.257 352.121 0.75845 
278.121 335.559 0.476737 
251.765 452.799 0.663715 
235.004 452.731 0.65521 
254.114 608.251 0.796509 
234.993 778.224 0.716378 
266.116 459.889 0.60005 
280.465 610.687 0.785799 
242.164 778.164 0.663971 
223.04 208.644 0.892184 
246.93 201.474 0.918098 
201.594 220.749 0.849213 
259.016 203.906 0.214151 
290.009 830.783 0.579568 
292.377 818.895 0.550801 
218.216 792.578 0.261959 
278.035 833.136 0.499961 
258.949 833.206 0.38984 
218.257 792.592 0.591682 
