244.547 237.334 0.926245 
239.757 297.303 0.900302 
196.737 297.338 0.857537 
218.174 333.191 0.902095 
256.456 278.074 0.90377 
280.533 297.266 0.831912 
328.352 371.495 0.846978 
313.918 328.292 0.779801 
256.497 467.17 0.742286 
235.035 467.104 0.695651 
292.337 622.684 0.814231 
242.163 778.143 0.765578 
275.734 469.503 0.693275 
306.796 627.43 0.753469 
246.921 775.838 0.537704 
230.181 225.455 0.866627 
254.115 220.709 0.924403 
201.579 239.742 0.88824 
0 0 0 
285.228 830.741 0.269663 
285.274 816.477 0.298034 
218.298 787.751 0.229949 
282.852 833.14 0.65973 
261.339 830.892 0.559997 
223.076 787.776 0.639211 
