223.066 258.817 0.937326 
225.476 316.443 0.876517 
175.15 330.665 0.794808 
103.427 409.722 0.943379 
144.203 464.672 0.892973 
280.458 311.541 0.843304 
352.18 376.276 0.868568 
314.036 459.952 0.872336 
234.946 486.188 0.714049 
198.998 486.195 0.718797 
172.821 641.8 0.808019 
196.736 778.253 0.825296 
268.526 483.866 0.68391 
335.448 639.476 0.906913 
412.035 775.833 0.793454 
213.482 244.563 0.86563 
237.435 242.218 0.917104 
196.724 254.157 0.787078 
256.462 251.691 0.749909 
412.138 823.61 0.694697 
428.869 814.114 0.713115 
416.823 780.629 0.555483 
184.822 828.357 0.809792 
177.482 816.54 0.781667 
203.89 790.098 0.790167 
