251.734 273.221 0.878018 
256.459 337.958 0.896246 
206.254 352.3 0.853293 
225.492 392.947 0.81985 
234.998 328.336 0.789577 
302.022 333.029 0.846777 
330.667 412.05 0.80561 
301.998 378.601 0.661151 
237.36 507.814 0.737125 
211.08 505.361 0.68444 
275.717 627.472 0.85413 
242.186 792.456 0.723305 
258.97 514.953 0.682594 
325.954 658.581 0.844807 
239.704 775.869 0.765939 
234.984 261.296 0.913505 
256.513 256.591 0.95906 
208.647 277.985 0.823478 
268.529 258.962 0.12735 
273.261 830.753 0.223958 
273.309 818.91 0.265816 
218.247 780.572 0.510884 
273.252 833.294 0.667132 
249.358 833.302 0.587983 
227.846 794.935 0.525822 
