249.376 275.563 0.89435 
254.134 347.401 0.863033 
201.493 352.277 0.886295 
218.318 397.703 0.8724 
230.213 335.412 0.774136 
299.68 335.528 0.883566 
330.72 416.895 0.789747 
299.589 390.608 0.757348 
239.688 514.933 0.708641 
208.726 507.864 0.68249 
292.47 627.436 0.828207 
251.788 792.487 0.686653 
266.106 522.081 0.654633 
328.306 658.514 0.818922 
237.452 775.852 0.789376 
234.98 263.689 0.88543 
256.518 258.923 0.974227 
211.068 278.013 0.803311 
268.467 263.728 0.0966488 
237.406 830.822 0.286646 
239.881 828.37 0.33735 
218.258 778.185 0.660689 
273.307 833.264 0.683745 
254.166 833.217 0.602173 
239.752 797.316 0.436842 
