256.539 258.935 0.979927 
239.904 332.982 0.922181 
194.351 316.395 0.865404 
199.135 368.999 0.900378 
232.569 314.037 0.859414 
294.721 337.95 0.841489 
313.869 426.47 0.865235 
306.794 371.336 0.737054 
258.849 486.161 0.749009 
225.482 486.262 0.684453 
301.996 591.561 0.781974 
273.259 773.408 0.55223 
290.054 481.496 0.688987 
313.84 627.456 0.660705 
237.479 773.379 0.802423 
239.776 251.776 0.929326 
261.404 244.589 0.861511 
220.563 258.954 0.887611 
277.998 254.102 0.315522 
266.102 811.703 0.33642 
266.074 809.33 0.31733 
220.65 780.592 0.804073 
285.258 816.502 0.534772 
278.01 816.455 0.476818 
268.518 792.604 0.407224 
