256.561 256.574 0.981149 
239.9 321.131 0.899318 
196.654 314.019 0.872028 
199.118 361.819 0.875502 
223.135 311.511 0.785154 
294.766 333.118 0.890652 
313.917 414.51 0.881642 
299.694 371.325 0.728591 
256.622 483.863 0.756585 
225.472 483.89 0.687714 
301.988 586.72 0.807356 
263.684 775.812 0.606878 
287.653 483.828 0.689222 
309.194 622.705 0.646135 
237.47 773.35 0.78168 
239.817 246.922 0.913824 
261.399 239.897 0.909145 
220.581 256.485 0.879558 
275.772 244.594 0.25803 
268.538 814.054 0.226405 
0 0 0 
220.614 780.608 0.798618 
287.642 816.504 0.581509 
275.623 816.479 0.512528 
256.555 792.55 0.418557 
