256.579 251.732 0.925328 
242.234 316.332 0.919619 
196.717 309.213 0.839581 
199.203 354.75 0.907257 
223.07 299.651 0.808849 
297.188 325.933 0.852616 
313.936 414.48 0.875618 
297.2 361.831 0.725831 
256.536 471.912 0.742782 
225.479 471.903 0.667561 
304.388 584.289 0.800185 
258.96 775.73 0.590404 
280.554 471.889 0.700017 
299.661 613.103 0.588966 
237.466 771.044 0.764358 
239.784 239.797 0.957159 
261.388 237.367 0.916141 
220.546 251.781 0.855031 
275.792 239.855 0.270041 
282.848 825.987 0.230018 
280.478 811.741 0.245626 
220.57 780.553 0.778252 
290.044 823.652 0.558068 
275.596 823.637 0.481748 
242.204 790.142 0.35973 
