254.166 234.945 0.904362 
256.466 294.823 0.918721 
203.849 297.22 0.835541 
201.591 349.847 0.877805 
213.479 297.282 0.825206 
301.998 292.341 0.822986 
325.931 361.817 0.661964 
302.022 352.176 0.506414 
247.001 457.529 0.658201 
220.737 452.776 0.681294 
275.62 598.723 0.85686 
263.705 794.919 0.648971 
275.557 462.317 0.645819 
294.804 613.067 0.763722 
235.007 773.352 0.799735 
237.415 220.737 0.964389 
258.954 218.287 0.959986 
218.155 237.285 0.875444 
273.328 220.689 0.302282 
249.379 809.286 0.420698 
256.497 799.74 0.44374 
218.33 782.937 0.787159 
294.817 828.391 0.623298 
278.09 828.424 0.527195 
258.997 809.239 0.560067 
