225.481 254.14 0.87631 
225.395 316.286 0.897732 
168.01 323.489 0.79175 
103.432 404.859 0.883203 
146.532 459.941 0.852549 
282.866 309.193 0.80941 
354.601 376.159 0.902648 
316.262 455.191 0.878729 
234.978 481.469 0.713727 
198.969 481.476 0.705654 
177.497 639.423 0.823882 
182.406 780.586 0.841552 
273.224 481.451 0.695208 
333.015 636.999 0.870516 
402.518 778.215 0.675839 
218.125 239.737 0.944138 
239.74 239.719 0.955735 
199.133 244.619 0.794602 
256.547 242.194 0.781056 
402.526 823.636 0.599062 
416.893 816.452 0.618759 
407.291 790.139 0.496375 
177.584 828.348 0.800699 
163.144 816.522 0.796782 
194.35 790.185 0.76504 
