256.634 242.174 0.950445 
249.324 302.014 0.811965 
201.577 294.915 0.880021 
220.622 340.315 0.861161 
256.451 292.396 0.861746 
294.746 313.997 0.829913 
328.302 390.481 0.856498 
316.344 335.599 0.861337 
258.895 474.276 0.731808 
232.643 471.937 0.682571 
280.537 610.72 0.793955 
256.624 792.505 0.661735 
285.273 474.292 0.650116 
304.383 622.672 0.811823 
237.391 773.364 0.762336 
239.857 237.279 0.95445 
263.761 232.63 0.858148 
218.311 239.894 0.863863 
278.124 237.388 0.154621 
239.789 818.909 0.199701 
244.62 816.454 0.216391 
220.552 780.593 0.646611 
292.431 830.812 0.708261 
275.659 833.127 0.616308 
251.754 806.906 0.550545 
