256.564 244.56 0.920628 
256.551 311.486 0.879571 
206.276 299.681 0.842204 
220.748 349.841 0.864664 
242.157 294.692 0.829647 
302.004 313.924 0.840704 
333.075 378.542 0.841498 
313.909 337.902 0.835261 
242.201 471.971 0.726745 
220.56 471.924 0.714595 
278.048 603.454 0.883202 
266.143 770.975 0.706141 
270.912 476.647 0.676487 
309.145 629.862 0.756164 
237.395 773.444 0.816906 
239.798 237.468 0.960893 
261.369 234.97 0.89748 
220.566 249.338 0.810016 
277.994 239.728 0.33678 
254.149 814.012 0.47757 
258.94 809.276 0.610131 
218.324 778.239 0.752071 
282.906 816.48 0.645204 
270.864 814.083 0.569034 
270.828 778.176 0.459125 
