256.531 249.399 0.909464 
256.603 313.875 0.921241 
206.289 313.834 0.847182 
220.689 354.688 0.877063 
237.473 297.286 0.895089 
304.364 313.938 0.862779 
335.431 378.6 0.853956 
313.849 340.329 0.814841 
242.202 474.316 0.700629 
220.573 471.921 0.701289 
275.754 603.523 0.888165 
266.105 770.933 0.688457 
270.898 479.094 0.64662 
313.852 639.409 0.862048 
237.36 775.692 0.818138 
239.717 239.763 0.962075 
261.355 237.33 0.921136 
218.28 254.058 0.823836 
277.964 239.859 0.382673 
258.927 816.461 0.460219 
261.289 811.684 0.567625 
218.319 778.213 0.775411 
287.66 823.655 0.611105 
273.297 818.85 0.525979 
268.447 778.172 0.428416 
