256.446 256.565 0.967566 
256.576 316.31 0.939594 
206.246 316.44 0.87896 
220.702 361.79 0.837432 
237.35 304.392 0.809219 
304.429 314.019 0.86134 
335.54 383.381 0.850202 
313.893 347.425 0.828494 
239.838 481.457 0.724412 
220.605 474.317 0.693188 
275.721 603.603 0.877559 
261.394 766.212 0.72287 
261.314 486.204 0.667839 
313.853 641.741 0.829889 
237.374 773.479 0.810442 
237.493 244.63 0.920801 
259.066 239.878 0.937552 
218.256 256.527 0.872594 
275.692 246.944 0.359338 
254.116 814.13 0.417557 
258.939 811.614 0.541484 
218.312 778.212 0.774161 
280.541 816.536 0.670705 
266.099 814.12 0.585882 
258.995 775.747 0.447271 
