256.483 280.484 0.939994 
256.401 345.084 0.850313 
203.864 349.831 0.832533 
218.255 388.157 0.879149 
223.114 330.674 0.797187 
299.581 337.97 0.829259 
330.75 409.646 0.871563 
309.207 368.952 0.772708 
242.237 502.947 0.705924 
220.684 493.411 0.688207 
275.717 627.44 0.855677 
239.866 790.117 0.759235 
266.149 507.73 0.663685 
328.312 660.886 0.833487 
237.405 778.168 0.729146 
239.699 275.603 0.971262 
261.306 273.215 0.903353 
218.181 282.84 0.80731 
275.753 275.747 0.199508 
266.115 826.035 0.19835 
270.883 814.114 0.249744 
218.148 787.766 0.493703 
278.023 830.834 0.704799 
256.54 830.868 0.612688 
225.442 794.965 0.630216 
