256.415 280.554 0.906612 
256.436 347.501 0.868283 
203.909 352.233 0.849784 
218.192 390.61 0.896796 
220.737 333.138 0.847854 
299.637 337.955 0.828638 
332.975 409.758 0.884881 
311.479 368.992 0.787665 
242.206 503.009 0.717861 
220.7 495.806 0.679638 
275.693 625.13 0.849514 
239.882 790.095 0.75279 
266.085 507.76 0.668302 
328.295 660.869 0.829485 
237.43 778.176 0.716181 
237.486 275.666 0.972889 
259.037 273.283 0.919712 
218.249 282.92 0.79199 
275.648 278.069 0.236837 
268.494 828.37 0.202597 
273.247 814.157 0.253387 
218.151 787.77 0.481499 
278.058 830.866 0.700312 
256.572 833.132 0.60674 
225.447 794.944 0.626769 
