256.507 223.124 0.916499 
256.63 294.711 0.930566 
203.939 299.671 0.837507 
201.495 371.294 0.843983 
191.903 388.105 0.77439 
311.563 278.106 0.875636 
323.523 349.848 0.817513 
309.158 378.551 0.791628 
254.088 447.983 0.706777 
220.637 447.88 0.734171 
251.701 596.304 0.798684 
223.076 766.205 0.725628 
280.431 450.362 0.682087 
294.688 620.213 0.80833 
244.577 782.928 0.685513 
239.783 218.233 0.959811 
263.708 215.862 0.876737 
220.618 227.807 0.834147 
278.112 220.633 0.443863 
278.102 830.744 0.697951 
282.869 816.54 0.679475 
230.174 795.013 0.337224 
242.216 811.735 0.476484 
220.64 806.936 0.465897 
215.841 775.835 0.550581 
