256.513 218.347 0.977166 
256.522 280.467 0.927221 
201.518 294.768 0.886344 
199.191 371.324 0.908202 
182.371 400.089 0.765098 
311.507 273.231 0.844187 
318.759 335.534 0.844878 
313.847 390.401 0.893582 
254.118 435.99 0.698605 
220.58 433.615 0.719095 
246.95 582.024 0.811986 
220.534 756.718 0.779251 
280.53 438.415 0.670911 
290.009 608.289 0.747783 
244.586 770.991 0.72567 
239.791 208.649 0.918219 
263.695 203.928 0.871492 
220.58 218.281 0.885512 
278.039 211.107 0.457174 
278.028 821.28 0.59285 
280.453 811.741 0.707842 
237.311 778.239 0.511207 
225.4 806.9 0.520439 
208.664 797.378 0.468947 
215.882 771.021 0.540524 
