227.842 246.975 0.844538 
223.061 313.928 0.905749 
165.617 316.357 0.859142 
103.478 395.293 0.907632 
148.826 457.497 0.833067 
282.906 309.166 0.800382 
354.748 376.277 0.860747 
316.257 452.825 0.889083 
235.021 474.27 0.711127 
199.046 474.309 0.713438 
175.198 639.318 0.815688 
179.854 780.533 0.821915 
273.231 471.943 0.695491 
330.738 636.968 0.855428 
393.007 778.223 0.777742 
218.159 237.381 0.940656 
239.784 237.343 0.946934 
199.091 242.132 0.812939 
256.625 239.799 0.806911 
392.955 826.039 0.746276 
409.754 816.506 0.729327 
397.721 787.757 0.583063 
168.011 828.346 0.795669 
158.361 816.503 0.783336 
182.443 792.436 0.762921 
