256.549 203.949 0.914267 
247.014 273.295 0.848372 
199.004 282.82 0.842745 
191.914 373.853 0.851373 
179.835 447.916 0.873271 
299.57 258.837 0.888605 
314.007 345.055 0.780431 
332.992 431.234 0.896933 
256.412 428.737 0.722164 
220.588 428.891 0.750005 
237.368 579.617 0.857459 
218.185 720.711 0.793072 
285.286 424.067 0.658974 
270.891 615.45 0.788582 
259 773.401 0.75069 
239.849 196.757 0.928542 
268.469 196.714 0.864622 
220.628 206.249 0.864005 
280.455 201.524 0.637283 
258.943 814.132 0.716919 
275.778 811.687 0.769678 
254.097 780.549 0.661309 
215.798 773.407 0.703791 
199.098 763.83 0.653615 
218.288 725.571 0.567298 
