256.515 208.654 0.884793 
246.994 275.68 0.869311 
196.747 287.639 0.817766 
184.775 385.758 0.851887 
175.194 469.422 0.85635 
299.562 258.994 0.87572 
314.061 352.237 0.814049 
335.453 445.566 0.892227 
254.163 428.867 0.731125 
218.354 431.274 0.751008 
237.298 584.35 0.868941 
218.19 735.098 0.735108 
285.259 428.767 0.671461 
268.498 620.142 0.739091 
258.91 773.461 0.785197 
239.843 199.097 0.945053 
266.153 199.054 0.881586 
220.669 208.676 0.824897 
280.444 203.875 0.679925 
259.016 821.216 0.73257 
278.013 814.096 0.802842 
249.365 780.603 0.621848 
215.818 785.368 0.672965 
199.159 775.804 0.668077 
218.286 739.912 0.484369 
