256.636 223.074 0.934715 
239.742 297.213 0.9412 
182.321 299.602 0.850643 
175.172 407.26 0.799828 
175.202 488.592 0.782648 
294.883 294.902 0.914784 
294.857 383.314 0.597575 
0 0 0 
256.407 450.423 0.731406 
220.573 455.152 0.70694 
239.864 622.687 0.859291 
206.247 780.546 0.78714 
287.611 448.01 0.704386 
270.9 629.796 0.740559 
251.764 782.996 0.709797 
246.94 215.828 0.87569 
270.921 218.254 0.903324 
225.423 220.557 0.853996 
280.436 227.828 0.62512 
261.358 823.638 0.648664 
275.731 814.15 0.708792 
244.585 794.867 0.44363 
239.859 821.221 0.728726 
220.579 818.91 0.694598 
196.751 792.519 0.71431 
