273.228 220.664 0.895232 
237.364 292.459 0.888191 
184.788 292.407 0.820093 
163.207 395.287 0.894147 
187.186 479.073 0.798597 
282.836 294.716 0.804158 
290.068 376.159 0.13618 
0 0 0 
256.505 452.792 0.711535 
223.057 455.144 0.657742 
244.588 622.623 0.820988 
203.986 775.803 0.803072 
285.285 450.435 0.667042 
268.46 627.47 0.732941 
256.562 780.578 0.745418 
258.895 208.708 0.871772 
278.08 215.824 0.85983 
230.212 218.234 0.799796 
0 0 0 
261.29 821.223 0.699872 
277.989 814.139 0.765946 
254.071 792.606 0.541156 
239.805 816.512 0.723123 
218.326 816.473 0.683204 
196.712 787.72 0.646725 
