256.593 215.817 0.190852 
215.855 278.069 0.652294 
218.337 278.01 0.870016 
172.77 373.761 0.846558 
180.029 450.256 0.939982 
206.266 278.071 0.466164 
177.549 373.831 0.0734261 
0 0 0 
246.961 464.674 0.614229 
232.588 464.7 0.584995 
237.356 620.278 0.858994 
206.339 780.542 0.775607 
263.723 462.348 0.571055 
256.457 622.749 0.787625 
239.918 775.884 0.79361 
251.745 201.545 0.235138 
0 0 0 
235.018 215.78 0.643717 
184.826 220.554 0.178327 
278.119 826.043 0.709334 
280.475 814.066 0.7081 
237.346 790.167 0.342837 
254.146 823.597 0.640654 
225.462 818.844 0.577342 
196.742 792.536 0.758832 
