0 0 0 
201.579 278.024 0.824078 
225.413 275.567 0.809084 
184.786 366.548 0.829268 
201.487 426.406 0.87015 
182.343 280.494 0.677882 
184.764 366.606 0.130943 
184.716 412.095 0.106127 
237.463 450.384 0.593818 
237.428 452.722 0.587674 
237.421 617.895 0.807167 
208.645 778.262 0.764124 
239.832 450.395 0.445356 
254.056 620.277 0.736688 
239.743 780.561 0.750579 
0 0 0 
0 0 0 
237.366 215.837 0.52217 
182.375 218.319 0.19923 
278.138 826.07 0.720063 
280.473 814.101 0.713381 
232.555 794.889 0.24404 
256.554 828.346 0.62223 
232.63 826.001 0.511814 
196.706 792.567 0.765888 
