246.972 208.644 0.204897 
203.921 270.86 0.771498 
220.756 263.686 0.845959 
222.996 333.096 0.869944 
263.706 376.236 0.684162 
187.174 275.642 0.654042 
177.568 347.462 0.229937 
218.212 368.912 0.136448 
237.336 431.192 0.616476 
239.773 428.877 0.655398 
239.9 617.843 0.78118 
208.714 780.572 0.758379 
230.213 431.211 0.474491 
256.411 617.881 0.6945 
237.439 787.706 0.693057 
239.714 199.147 0.286855 
0 0 0 
220.704 211.032 0.608752 
182.352 220.675 0.074553 
280.465 828.387 0.697779 
280.529 814.148 0.671835 
223.065 794.963 0.173515 
258.906 828.415 0.589016 
237.362 828.424 0.491241 
196.672 792.569 0.758272 
