239.823 223.026 0.890075 
187.15 290.008 0.752673 
218.242 282.826 0.76821 
314.053 242.146 0.881199 
318.706 189.493 0.752502 
160.79 294.719 0.557274 
302.004 239.887 0.1455 
313.993 199.105 0.214487 
220.703 464.687 0.604332 
220.678 464.714 0.562359 
268.538 627.402 0.778924 
211.042 780.612 0.768592 
227.786 467.063 0.479542 
287.606 627.429 0.762379 
239.796 780.61 0.714775 
223.098 218.356 0.847432 
237.353 213.452 0.129225 
194.29 237.443 0.720348 
0 0 0 
280.52 826.048 0.685063 
280.536 814.098 0.674152 
227.831 792.528 0.17667 
258.956 828.407 0.64355 
237.395 828.37 0.542705 
196.672 792.532 0.803404 
