235.011 249.346 0.883519 
213.456 313.975 0.863992 
237.313 311.543 0.866355 
333.054 263.714 0.860413 
289.97 199.05 0.841531 
184.778 314.025 0.718349 
170.38 373.872 0.334292 
206.309 376.178 0.0794973 
199.15 495.791 0.636792 
199.163 500.602 0.616051 
275.707 639.363 0.859856 
206.311 785.365 0.775541 
199.052 493.451 0.485049 
282.82 639.366 0.744234 
237.413 785.382 0.7428 
215.887 244.622 0.879177 
232.606 237.302 0.873854 
191.911 268.526 0.726929 
0 0 0 
280.51 826.036 0.692631 
278.158 814.102 0.677244 
227.814 794.895 0.203715 
256.556 828.385 0.663703 
234.983 826.046 0.551503 
194.269 792.607 0.810215 
