227.826 242.154 0.881482 
223.051 311.491 0.871045 
163.309 309.216 0.84375 
105.727 390.472 0.939115 
146.566 452.717 0.869471 
287.602 311.471 0.798833 
357.008 376.247 0.863842 
313.964 450.438 0.920257 
235.001 471.862 0.719785 
199.034 471.921 0.720565 
170.38 639.28 0.823019 
163.179 782.975 0.848633 
270.895 469.522 0.704829 
321.114 632.234 0.819129 
383.339 778.216 0.697959 
218.185 234.912 0.91158 
239.796 232.639 0.89846 
199.12 237.503 0.858965 
258.819 237.442 0.826488 
380.945 825.994 0.674632 
395.411 816.519 0.675215 
385.778 790.102 0.527743 
156.052 826.055 0.797912 
141.705 816.486 0.792633 
170.36 792.552 0.728242 
