234.919 258.952 0.916399 
220.698 323.566 0.759535 
237.329 316.371 0.872462 
333.157 285.248 0.844583 
292.439 218.34 0.859207 
203.899 330.707 0.553244 
218.277 435.975 0.0944051 
234.923 445.531 0.0889143 
199.052 507.735 0.696783 
184.757 507.828 0.661775 
273.196 639.282 0.812142 
206.312 785.364 0.769435 
206.291 505.465 0.593829 
278.113 639.328 0.790982 
237.389 785.398 0.712589 
215.788 258.912 0.917999 
230.171 244.579 0.829984 
191.916 280.469 0.785328 
0 0 0 
280.536 826.038 0.68123 
280.453 814.115 0.660238 
220.695 794.904 0.172018 
258.931 828.392 0.640452 
237.39 828.36 0.541336 
194.268 794.842 0.796019 
