237.325 263.736 0.899844 
220.729 325.928 0.726711 
256.427 314.038 0.881467 
335.448 385.785 0.882707 
321.176 302.063 0.79182 
189.565 333.092 0.428139 
0 0 0 
0 0 0 
201.423 505.339 0.660666 
199.05 507.737 0.634689 
273.324 634.576 0.788707 
211.03 780.582 0.769125 
201.538 505.315 0.510886 
292.335 636.957 0.765428 
239.788 787.698 0.701457 
218.233 263.725 0.905257 
237.27 254.083 0.912375 
198.991 287.593 0.700591 
0 0 0 
285.219 826.061 0.65963 
282.836 814.168 0.645788 
227.857 794.872 0.160713 
258.901 828.41 0.628676 
235.023 826.026 0.535985 
196.614 792.428 0.765476 
