227.836 239.893 0.896169 
223.007 309.144 0.865864 
163.301 306.742 0.835245 
105.726 388.103 0.906165 
146.429 450.376 0.920411 
285.246 309.213 0.798722 
354.778 376.248 0.873375 
313.895 450.394 0.929079 
232.61 469.546 0.694704 
196.707 471.911 0.701012 
165.645 636.937 0.821895 
160.825 780.568 0.83522 
266.151 469.441 0.680961 
316.492 627.463 0.845847 
376.199 778.197 0.739627 
218.193 232.606 0.911367 
239.794 232.59 0.894144 
199.114 237.454 0.850743 
258.841 237.411 0.831344 
373.862 821.236 0.722196 
392.894 814.142 0.728314 
378.617 787.76 0.569038 
148.892 826.007 0.794494 
139.238 816.436 0.795821 
165.579 792.523 0.727783 
