239.837 261.339 0.934181 
254.098 318.838 0.832514 
201.462 340.257 0.792739 
108.203 402.502 0.826717 
124.921 349.781 0.848508 
301.96 302.023 0.81033 
330.619 395.386 0.786 
304.36 488.735 0.825851 
237.495 486.207 0.754168 
203.917 481.454 0.668641 
234.914 632.257 0.822581 
187.161 787.708 0.772774 
273.266 488.676 0.668961 
335.512 625.095 0.879571 
352.181 773.43 0.852875 
223.078 256.591 0.949787 
249.337 251.714 0.85053 
201.63 273.212 0.857168 
259 254.049 0.377129 
371.323 816.435 0.719353 
380.972 809.288 0.734624 
335.589 782.99 0.787086 
244.544 828.35 0.681669 
220.697 828.426 0.617578 
175.195 794.892 0.729565 
