249.356 256.647 0.915796 
256.634 316.295 0.926713 
215.804 335.532 0.801322 
141.708 426.373 0.9084 
144.142 349.893 0.847539 
299.614 297.127 0.86215 
337.909 390.417 0.835248 
318.847 483.769 0.846458 
246.967 474.312 0.649699 
215.844 471.894 0.668929 
225.466 636.998 0.834221 
182.362 782.962 0.8149 
280.429 481.422 0.643087 
333.151 651.329 0.843206 
364.227 780.591 0.739853 
234.978 251.789 0.897386 
256.601 242.223 0.936468 
211.052 261.33 0.791986 
268.513 251.754 0.288244 
368.951 828.353 0.753696 
383.351 816.526 0.732158 
357.1 792.457 0.637211 
237.462 826.009 0.688542 
218.207 828.358 0.617935 
165.67 794.846 0.740331 
