254.151 256.509 0.941124 
258.825 313.988 0.91379 
215.798 335.518 0.791346 
163.341 433.668 0.883009 
144.07 359.464 0.823413 
299.613 294.717 0.836625 
345.043 385.759 0.78708 
330.674 474.263 0.861707 
254.125 467.152 0.670944 
218.328 467.129 0.716652 
218.329 636.976 0.854819 
189.571 780.597 0.770702 
285.219 469.53 0.616684 
333.037 651.309 0.804419 
357.109 778.217 0.778582 
237.406 246.923 0.930361 
258.949 239.855 0.965099 
218.122 258.912 0.842915 
273.319 244.598 0.297214 
359.476 828.433 0.745679 
376.205 818.9 0.709678 
354.687 790.073 0.687955 
218.242 826.056 0.759369 
199.131 823.645 0.721057 
182.311 790.151 0.728097 
