254.15 256.508 0.940876 
258.821 313.993 0.914005 
215.795 335.526 0.791219 
163.341 433.668 0.883279 
144.069 359.469 0.823206 
299.611 294.719 0.837412 
345.044 385.76 0.78745 
330.676 474.253 0.863309 
254.123 467.142 0.674171 
218.329 467.119 0.71827 
218.334 636.959 0.852822 
189.572 780.597 0.770883 
282.918 469.522 0.6211 
332.995 646.613 0.801712 
357.11 778.208 0.780343 
237.405 246.923 0.930356 
258.949 239.855 0.964919 
218.121 258.913 0.842064 
273.318 244.6 0.295208 
359.472 828.43 0.745895 
376.199 818.898 0.710464 
354.694 787.79 0.686155 
218.242 826.056 0.759848 
199.131 823.646 0.722621 
182.31 790.15 0.72871 
