258.914 244.607 0.900325 
256.561 325.944 0.890991 
201.416 333.197 0.894959 
201.53 428.774 0.817253 
220.604 486.269 0.764866 
313.862 316.371 0.884936 
390.548 380.992 0.874935 
342.705 431.311 0.848409 
287.614 486.167 0.683459 
256.43 491.05 0.718913 
179.933 620.348 0.874092 
206.254 778.205 0.799119 
316.426 471.915 0.684044 
323.523 639.467 0.807264 
340.293 780.551 0.771621 
242.267 237.392 0.92216 
273.196 237.269 0.887984 
225.427 251.767 0.802083 
285.248 239.887 0.728811 
347.489 828.46 0.745036 
359.439 818.861 0.717414 
335.546 790.15 0.700731 
163.183 830.759 0.693341 
160.778 816.522 0.635721 
220.785 792.48 0.714531 
