258.943 258.945 0.964061 
251.712 335.465 0.88651 
196.718 337.883 0.835149 
199.02 443.133 0.811888 
223.059 502.98 0.702573 
302.025 333.162 0.859676 
395.411 383.383 0.830845 
337.945 392.997 0.831276 
285.239 486.283 0.706157 
254.163 498.239 0.693741 
170.418 620.335 0.838663 
191.955 780.543 0.761422 
316.385 474.255 0.687607 
316.341 639.32 0.880906 
332.976 785.375 0.770591 
246.92 251.696 0.851465 
273.284 249.334 0.872611 
227.861 258.904 0.837234 
285.276 258.837 0.697939 
333 828.382 0.775372 
347.494 818.833 0.740243 
325.906 792.603 0.62339 
141.619 830.711 0.667892 
139.273 816.466 0.609166 
206.299 794.889 0.667507 
