256.469 270.849 0.893151 
242.232 335.494 0.916398 
194.328 332.977 0.827494 
160.922 428.887 0.941702 
201.56 505.39 0.883165 
297.168 345.041 0.833932 
330.737 431.128 0.907253 
366.631 385.744 0.797376 
266.147 488.652 0.691672 
234.945 493.475 0.677811 
163.299 627.482 0.816517 
163.318 780.611 0.808739 
299.617 486.195 0.707337 
323.533 651.396 0.786406 
321.185 778.227 0.788653 
239.823 258.859 0.955075 
263.759 256.574 0.900511 
220.76 266.076 0.802619 
280.474 261.286 0.762213 
330.732 828.422 0.759703 
342.694 816.523 0.710914 
316.277 790.127 0.720087 
144.117 828.378 0.733251 
136.878 816.441 0.700087 
177.599 792.599 0.70323 
