249.362 268.458 0.84813 
242.217 333.17 0.918311 
189.553 332.976 0.814175 
141.718 428.697 0.922562 
179.953 502.965 0.863684 
297.302 335.504 0.903317 
316.414 409.745 0.846089 
321.139 467.192 0.871048 
237.371 488.632 0.711001 
201.457 486.275 0.691638 
163.175 641.802 0.872923 
156.001 785.377 0.772607 
273.209 491.02 0.682393 
337.881 632.203 0.834231 
311.477 775.802 0.840755 
237.363 256.61 0.968801 
258.933 256.508 0.958675 
218.303 261.356 0.865422 
275.782 258.959 0.824386 
347.476 830.796 0.68741 
352.172 818.847 0.695777 
294.679 787.726 0.797704 
148.881 828.358 0.822102 
136.899 818.818 0.791151 
160.73 794.852 0.734506 
