225.473 237.325 0.902162 
222.991 299.694 0.880154 
163.338 301.985 0.837859 
103.422 380.936 0.878419 
144.037 445.609 0.908126 
282.894 299.59 0.829461 
354.771 373.753 0.904398 
311.504 447.879 0.87576 
230.249 467.151 0.691151 
196.636 469.44 0.696373 
163.259 629.819 0.828521 
141.706 780.536 0.823356 
266.092 467.089 0.676899 
313.917 625.11 0.875189 
357.04 778.164 0.763506 
218.12 220.778 0.916511 
239.72 220.728 0.947362 
199.068 234.96 0.824699 
256.543 230.229 0.744174 
354.68 818.904 0.760415 
373.716 814.113 0.761595 
357.066 787.696 0.61158 
132.075 826.034 0.777023 
120.12 816.439 0.771922 
144.135 792.522 0.671742 
