239.912 268.465 0.874676 
249.358 328.339 0.812343 
201.554 337.933 0.838617 
125.068 419.246 0.857696 
143.958 342.687 0.833822 
297.118 313.984 0.892053 
311.601 412.075 0.862835 
275.686 491.023 0.872136 
215.787 481.457 0.662868 
182.273 474.299 0.689561 
165.58 629.867 0.795753 
160.741 782.972 0.819653 
242.186 486.306 0.658494 
325.943 632.215 0.801097 
321.144 775.786 0.779068 
230.233 256.624 0.91438 
256.412 256.486 0.939124 
215.838 268.454 0.7815 
273.276 258.842 0.813523 
335.53 828.376 0.651663 
349.871 816.426 0.716011 
311.592 782.985 0.715344 
158.353 826.028 0.806231 
141.72 816.496 0.794464 
163.173 792.574 0.764577 
