239.912 268.464 0.874605 
249.344 328.346 0.812522 
201.543 337.945 0.838589 
125.069 419.233 0.858828 
141.793 342.705 0.834075 
297.117 313.982 0.891443 
311.604 412.072 0.863728 
275.689 491.023 0.872071 
215.791 481.483 0.66498 
182.269 474.323 0.688034 
165.583 629.86 0.795263 
160.74 782.973 0.819082 
242.198 488.612 0.658827 
325.953 632.218 0.801254 
321.145 775.778 0.779591 
230.233 256.623 0.914464 
256.412 256.484 0.938897 
215.836 268.455 0.782129 
273.275 258.842 0.811664 
335.533 828.374 0.651653 
349.871 816.421 0.715064 
311.594 782.974 0.714728 
158.351 826.031 0.805946 
141.719 816.498 0.794262 
163.173 792.573 0.763242 
