256.477 242.218 0.915724 
246.962 297.274 0.842415 
199.06 316.265 0.86726 
184.749 412.044 0.832479 
199.158 488.632 0.768503 
297.229 278.173 0.88079 
345.08 366.552 0.799434 
316.401 438.399 0.857036 
256.454 459.92 0.696791 
220.626 467.037 0.706556 
187.201 629.784 0.76048 
163.243 782.997 0.786483 
287.66 452.767 0.663699 
311.59 641.781 0.837027 
333.054 775.887 0.852186 
242.142 232.629 0.899893 
270.826 235.007 0.865033 
223.119 237.336 0.814764 
282.873 237.496 0.698174 
335.518 823.62 0.734638 
352.203 814.073 0.754748 
323.568 787.717 0.653549 
163.199 826.045 0.800193 
146.485 816.503 0.765026 
163.318 792.556 0.651124 
