268.482 244.6 0.845115 
247.005 294.749 0.849389 
196.707 304.409 0.80205 
179.877 404.923 0.860607 
213.46 467.081 0.778038 
299.605 278.057 0.862591 
352.275 354.735 0.913178 
333.065 428.875 0.919377 
273.196 452.734 0.669979 
237.397 459.961 0.703972 
220.648 625.022 0.864247 
179.916 778.146 0.82743 
302.047 445.594 0.655325 
316.446 625.014 0.851479 
335.437 775.836 0.838539 
258.841 234.979 0.932518 
278.195 237.423 0.930052 
239.752 237.251 0.873796 
294.865 242.173 0.672113 
337.926 816.475 0.668029 
354.633 811.655 0.685874 
330.702 785.369 0.704833 
194.311 823.627 0.731473 
177.566 816.497 0.701814 
172.786 787.768 0.651914 
