227.798 235.035 0.880677 
230.253 299.581 0.85477 
175.149 304.38 0.791442 
103.432 385.686 0.873575 
143.983 445.554 0.90788 
287.648 297.131 0.850225 
354.711 371.309 0.900766 
313.915 443.202 0.879983 
232.587 467.076 0.70545 
196.643 467.119 0.707371 
163.32 634.6 0.833695 
132.081 782.95 0.760266 
268.5 464.752 0.684619 
311.586 627.459 0.848355 
352.246 782.947 0.75016 
218.125 220.677 0.936954 
239.734 220.609 0.954256 
199.092 232.605 0.814043 
256.594 223.105 0.779749 
349.896 821.241 0.727004 
366.615 814.161 0.734157 
352.239 792.48 0.580883 
124.882 828.39 0.779778 
108.211 816.537 0.731271 
139.202 794.877 0.650476 
