275.642 249.372 0.875737 
242.154 292.397 0.867479 
191.943 292.445 0.798856 
156.025 390.496 0.873161 
215.842 450.253 0.882228 
294.864 287.69 0.828909 
335.434 366.577 0.853093 
316.467 412.176 0.857393 
261.367 452.739 0.692362 
230.233 452.809 0.670072 
220.651 625.003 0.863964 
182.348 778.175 0.826807 
297.199 450.341 0.731492 
316.402 632.215 0.833896 
335.513 775.748 0.838661 
268.477 234.984 0.872247 
290.066 239.863 0.871076 
242.241 230.205 0.780283 
297.298 251.741 0.380975 
347.49 818.854 0.670319 
359.403 811.734 0.68621 
330.745 782.991 0.733401 
199.04 825.984 0.744558 
179.997 816.529 0.717138 
177.581 787.739 0.664789 
