275.615 246.953 0.876918 
239.866 292.471 0.891726 
189.563 292.364 0.789567 
148.904 390.447 0.872832 
215.848 447.982 0.875803 
294.751 294.695 0.859223 
328.34 371.284 0.852531 
311.527 414.517 0.861328 
258.967 448.026 0.718046 
223.12 450.376 0.678634 
220.581 625.016 0.862644 
182.393 780.592 0.807536 
294.849 447.957 0.73418 
316.387 636.954 0.831198 
335.414 775.698 0.826472 
268.464 234.938 0.861683 
290.005 239.844 0.87315 
242.254 230.171 0.772245 
297.225 251.788 0.364331 
347.43 816.541 0.658142 
359.43 811.682 0.681899 
328.293 785.328 0.701963 
199.107 826.056 0.754725 
182.276 818.897 0.707047 
179.871 790.168 0.69686 
