251.787 235.034 0.767818 
254.13 333.02 0.881649 
201.44 333.039 0.850093 
182.316 433.629 0.905078 
220.591 526.929 0.872883 
299.622 333.024 0.846112 
306.745 431.128 0.820115 
306.735 524.588 0.83366 
230.172 510.178 0.689107 
196.674 507.86 0.680601 
211.025 644.222 0.800598 
189.556 778.247 0.772957 
259.001 510.203 0.725095 
345.029 620.29 0.861414 
318.82 773.44 0.809999 
234.974 230.18 0.734595 
244.605 220.683 0.319086 
213.43 256.494 0.778034 
0 0 0 
371.357 828.449 0.637248 
371.352 814.125 0.664587 
302.053 785.355 0.759473 
201.518 826.077 0.765208 
182.459 818.911 0.708391 
184.779 790.087 0.660831 
