223.092 258.903 0.898098 
246.98 352.227 0.855198 
199.157 357.007 0.846489 
201.443 467.122 0.867481 
223.13 560.364 0.825807 
297.229 340.302 0.825431 
304.401 445.599 0.7601 
313.925 541.328 0.893428 
215.808 522.166 0.704959 
182.307 522.071 0.702906 
218.173 646.548 0.824875 
194.324 780.601 0.780912 
242.189 524.604 0.723504 
345.097 617.835 0.835586 
325.952 773.414 0.793371 
203.864 261.284 0.919938 
218.352 249.361 0.767384 
194.301 294.863 0.794301 
0 0 0 
361.846 823.651 0.554032 
368.954 811.731 0.639252 
309.195 785.338 0.754192 
203.923 828.358 0.752503 
187.141 821.262 0.692493 
187.176 790.172 0.660046 
