223.045 261.343 0.890809 
244.531 352.226 0.864648 
199.089 354.74 0.838543 
201.46 467.197 0.866533 
223.069 562.76 0.853604 
297.139 342.651 0.818073 
302.053 445.599 0.742926 
313.818 543.57 0.875007 
213.455 524.524 0.715052 
182.28 524.452 0.732615 
218.241 646.587 0.833415 
196.665 780.553 0.783939 
239.857 526.904 0.740322 
347.456 617.859 0.844436 
330.626 773.403 0.819977 
203.878 263.765 0.886456 
220.603 254.123 0.889429 
191.916 294.904 0.815298 
0 0 0 
369.026 828.418 0.572082 
371.384 814.083 0.62047 
311.542 783.003 0.782689 
203.947 828.371 0.756605 
187.146 821.251 0.691196 
191.915 790.151 0.634344 
