232.561 232.64 0.857275 
237.297 294.911 0.93155 
182.283 299.601 0.853904 
105.913 388.117 0.880591 
146.531 445.605 0.887527 
292.35 290.06 0.809345 
357.062 361.817 0.832249 
316.279 436.023 0.873536 
237.368 464.649 0.721713 
199.188 464.727 0.727119 
168.013 629.804 0.799848 
124.818 778.242 0.817679 
275.567 462.275 0.699277 
309.146 624.99 0.845822 
337.957 778.176 0.752608 
218.283 220.604 0.972081 
239.842 218.348 0.948573 
201.497 230.234 0.823851 
258.923 223.005 0.829714 
335.541 818.854 0.76533 
354.606 814.09 0.772476 
337.896 787.724 0.627412 
110.615 825.987 0.761791 
101.017 814.171 0.763554 
124.973 792.534 0.659441 
