223.066 261.28 0.900284 
242.15 333.173 0.90533 
199.122 340.264 0.84266 
201.507 447.977 0.881398 
225.452 538.85 0.792429 
292.458 325.904 0.80288 
297.304 416.832 0.784204 
297.243 507.814 0.921342 
223.027 507.848 0.716049 
194.321 507.876 0.675781 
218.209 648.948 0.834833 
196.692 780.572 0.792718 
256.51 510.178 0.703333 
352.29 620.147 0.905528 
330.758 773.315 0.812084 
203.916 261.328 0.909188 
220.713 251.738 0.882701 
189.541 292.436 0.824464 
0 0 0 
373.793 828.447 0.606152 
373.742 814.142 0.615912 
313.86 782.966 0.768992 
208.693 826.044 0.752655 
191.917 821.216 0.691651 
191.901 792.435 0.649647 
