218.292 242.193 0.928728 
237.418 309.144 0.908296 
194.326 316.45 0.840031 
194.321 414.487 0.823181 
225.406 505.277 0.826944 
280.483 294.802 0.860934 
297.194 388.063 0.750391 
292.445 476.691 0.836339 
230.2 495.791 0.671954 
199.077 495.817 0.695679 
218.178 639.38 0.861036 
201.423 780.537 0.812971 
258.957 495.807 0.716611 
342.635 617.862 0.840279 
333.1 773.336 0.828531 
199.191 242.151 0.944088 
218.27 232.603 0.902042 
182.299 268.5 0.83104 
0 0 0 
376.181 826.076 0.586178 
376.232 814.013 0.635212 
314.002 785.381 0.768406 
215.793 826.067 0.749138 
199.022 818.908 0.708787 
199.087 792.451 0.681983 
